# Stability checks for fixed-tp Y2 shape ansaetze
# model global_rel loo_holdout_rel loo_holdout_p95 pred_spread_mean pred_spread_max
log_hilltop_plus_const 5.1787692977e-03 1.4056849602e-02 2.6724838598e-02 3.0905030933e-03 6.9800808565e-03
# param roughness sign_changes mean_jk_std
c0 5.9486179429e+00 18 1.8060327515e-02
A 1.9541275148e+00 2 1.7598557206e-02
alpha 2.0301762570e+00 0 3.1533723062e-02
# tp holdout_rel_rmse pred_rel_spread_mean c0_jk_std A_jk_std alpha_jk_std
5.0100000000e-01 1.2148481297e-02 3.2180997118e-03 3.8593077213e-02 3.5631762234e-02 3.6671193489e-02
5.0384893942e-01 1.2139689348e-02 3.2147179924e-03 3.8295239557e-02 3.5357963746e-02 3.6665928050e-02
5.0671407935e-01 1.2127187755e-02 3.2103551839e-03 3.7988413448e-02 3.5075827006e-02 3.6649658753e-02
5.0959551191e-01 1.2109402678e-02 3.2046001016e-03 3.7668155402e-02 3.4781248768e-02 3.6617649355e-02
5.1249332976e-01 1.2097950315e-02 3.2005036347e-03 3.7370397295e-02 3.4507474553e-02 3.6604803845e-02
5.1540762606e-01 1.2090551816e-02 3.1974645653e-03 3.7087520723e-02 3.4247446235e-02 3.6604283251e-02
5.1833849453e-01 1.2076870686e-02 3.1927723158e-03 3.6788334584e-02 3.3972317710e-02 3.6585014057e-02
5.2128602940e-01 1.2060397947e-02 3.1873430683e-03 3.6483521239e-02 3.3691964987e-02 3.6557468622e-02
5.2425032544e-01 1.2048051997e-02 3.1829907562e-03 3.6193791910e-02 3.3425550931e-02 3.6542480431e-02
5.2723147797e-01 1.2036137457e-02 3.1787466642e-03 3.5908054550e-02 3.3162817860e-02 3.6528936628e-02
5.3022958284e-01 1.2023981068e-02 3.1744342403e-03 3.5624248608e-02 3.2901857477e-02 3.6514806711e-02
5.3324473645e-01 1.2012131289e-02 3.1701960295e-03 3.5343793515e-02 3.2643976119e-02 3.6501734059e-02
5.3627703575e-01 1.1996984530e-02 3.1650911545e-03 3.5056595182e-02 3.2379849226e-02 3.6478861743e-02
5.3932657824e-01 1.1980000559e-02 3.1594996012e-03 3.4766555909e-02 3.2113066771e-02 3.6450551813e-02
5.4239346196e-01 1.1971353092e-02 3.1560851438e-03 3.4503186935e-02 3.1870958599e-02 3.6447592040e-02
5.4547778554e-01 1.1960996917e-02 3.1522178997e-03 3.4237298240e-02 3.1626501819e-02 3.6439615434e-02
5.4857964815e-01 1.1942612204e-02 3.1462468734e-03 3.3951198083e-02 3.1363322084e-02 3.6407477633e-02
5.5169914951e-01 1.1927128870e-02 3.1410300152e-03 3.3675918026e-02 3.1110141542e-02 3.6384253489e-02
5.5483638994e-01 1.1917132472e-02 3.1372422739e-03 3.3418513250e-02 3.0873494477e-02 3.6377805126e-02
5.5799147030e-01 1.1903446923e-02 3.1324847956e-03 3.3153101655e-02 3.0629414415e-02 3.6360306936e-02
5.6116449205e-01 1.1889684419e-02 3.1277039030e-03 3.2890124934e-02 3.0387581646e-02 3.6342733066e-02
5.6435555720e-01 1.1875263901e-02 3.1227457092e-03 3.2627645886e-02 3.0146188495e-02 3.6323291449e-02
5.6756476836e-01 1.1858465200e-02 3.1171630905e-03 3.2361202504e-02 2.9901111586e-02 3.6296763670e-02
5.7079222872e-01 1.1845540341e-02 3.1125866620e-03 3.2107726188e-02 2.9668027621e-02 3.6282157319e-02
5.7403804206e-01 1.1835768882e-02 3.1088261583e-03 3.1864868719e-02 2.9444755382e-02 3.6277287615e-02
5.7730231273e-01 1.1819618956e-02 3.1033996569e-03 3.1607400065e-02 2.9207944470e-02 3.6253158184e-02
5.8058514569e-01 1.1800311034e-02 3.0971469921e-03 3.1344035172e-02 2.8965659262e-02 3.6219540210e-02
5.8388664650e-01 1.1788840590e-02 3.0929383298e-03 3.1103353012e-02 2.8744309158e-02 3.6209781525e-02
5.8720692132e-01 1.1777949724e-02 3.0888674207e-03 3.0866642625e-02 2.8526675268e-02 3.6202117057e-02
5.9054607690e-01 1.1761549381e-02 3.0833590506e-03 3.0617908869e-02 2.8297894662e-02 3.6177787229e-02
5.9390422060e-01 1.1744907644e-02 3.0777830678e-03 3.0370755749e-02 2.8070557621e-02 3.6152846009e-02
5.9728146041e-01 1.1730564630e-02 3.0728019317e-03 3.0131952810e-02 2.7850947396e-02 3.6135089835e-02
6.0067790492e-01 1.1714428540e-02 3.0673493741e-03 2.9890641644e-02 2.7628991843e-02 3.6111975873e-02
6.0409366332e-01 1.1702289106e-02 3.0629313093e-03 2.9661724262e-02 2.7418505566e-02 3.6101253597e-02
6.0752884546e-01 1.1688586371e-02 3.0581026583e-03 2.9430978648e-02 2.7206311127e-02 3.6085895897e-02
6.1098356177e-01 1.1668324525e-02 3.0515682482e-03 2.9186106086e-02 2.6981017288e-02 3.6050571541e-02
6.1445792336e-01 1.1651684542e-02 3.0459698960e-03 2.8952457336e-02 2.6766104552e-02 3.6026486891e-02
6.1795204192e-01 1.1641964832e-02 3.0421619199e-03 2.8737977771e-02 2.6568937690e-02 3.6023806364e-02
6.2146602980e-01 1.1625976738e-02 3.0367237592e-03 2.8510069608e-02 2.6359311784e-02 3.6002014628e-02
6.2500000000e-01 1.1606727440e-02 3.0304389397e-03 2.8276600296e-02 2.6144527706e-02 3.5970354156e-02
6.5364817461e-01 1.1483438898e-02 2.9880922137e-03 2.6572540771e-02 2.4577278516e-02 3.5814033700e-02
6.8360949787e-01 1.1340920214e-02 2.9405930531e-03 2.4947901463e-02 2.3082776020e-02 3.5607197097e-02
7.1494416069e-01 1.1197651653e-02 2.8927425009e-03 2.3438348482e-02 2.1694154826e-02 3.5406942581e-02
7.4771511293e-01 1.1044509483e-02 2.8422406674e-03 2.2017690443e-02 2.0387196246e-02 3.5184612264e-02
7.8198818991e-01 1.0881895461e-02 2.7892477170e-03 2.0681592356e-02 1.9157934878e-02 3.4940973191e-02
8.1783224464e-01 1.0701817839e-02 2.7318024219e-03 1.9410764389e-02 1.7988517779e-02 3.4649807437e-02
8.5531928615e-01 1.0515504589e-02 2.6728354682e-03 1.8221487108e-02 1.6894068880e-02 3.4345962422e-02
8.9452462416e-01 1.0316727341e-02 2.6108209374e-03 1.7098473876e-02 1.5860516231e-02 3.4008823439e-02
9.3552702036e-01 1.0096289995e-02 2.5435538616e-03 1.6023463527e-02 1.4870892302e-02 3.3606713745e-02
9.7840884664e-01 9.8625014459e-03 2.4732126597e-03 1.5007166304e-02 1.3935193790e-02 3.3165045059e-02
1.0232562506e+00 9.6120457885e-03 2.3990554905e-03 1.4041238123e-02 1.3045694981e-02 3.2670870808e-02
1.0701593286e+00 9.3456857336e-03 2.3213910635e-03 1.3124065701e-02 1.2200905040e-02 3.2124407680e-02
1.1192123067e+00 9.0491403898e-03 2.2368052696e-03 1.2233689469e-02 1.1380410439e-02 3.1474037312e-02
1.1705137300e+00 8.7395406026e-03 2.1496235428e-03 1.1391356049e-02 1.0604016219e-02 3.0774817927e-02
1.2241666608e+00 8.4044769849e-03 2.0569163868e-03 1.0578334841e-02 9.8542838080e-03 2.9980089145e-02
1.2802788852e+00 8.0451008039e-03 1.9590856815e-03 9.7942979555e-03 9.1309084263e-03 2.9089007141e-02
1.3389631300e+00 7.6558030678e-03 1.8548968891e-03 9.0307130067e-03 8.4259192658e-03 2.8075866612e-02
1.4003372893e+00 7.2473769288e-03 1.7470753134e-03 8.2981469002e-03 7.7491521181e-03 2.6973479690e-02
1.4645246608e+00 6.8095936935e-03 1.6332443554e-03 7.5826653516e-03 7.0876165566e-03 2.5738000384e-02
1.5316541939e+00 6.3381006608e-03 1.5124942956e-03 6.8775406978e-03 6.4349581622e-03 2.4344564294e-02
1.6018607488e+00 5.8432576942e-03 1.3873904605e-03 6.1916972646e-03 5.7994880166e-03 2.2823285452e-02
1.6752853671e+00 5.3197061030e-03 1.2567494781e-03 5.5167104914e-03 5.1732666702e-03 2.1144186154e-02
1.7520755554e+00 4.7692447244e-03 1.1210817502e-03 4.8515835232e-03 4.5552919412e-03 1.9303501960e-02
1.8323855817e+00 4.1849996067e-03 9.7886525325e-04 4.1863074087e-03 3.9360760418e-03 1.7261366175e-02
1.9163767851e+00 3.5848216820e-03 8.3436758681e-04 3.5350734764e-03 3.3288451564e-03 1.5077499910e-02
2.0042178999e+00 2.9559078191e-03 6.8474296199e-04 2.8811891772e-03 2.7177526944e-03 1.2685378217e-02
2.0960853948e+00 2.3051423567e-03 5.3190853705e-04 2.2269412499e-03 2.1047004812e-03 1.0097347371e-02
2.1921638274e+00 1.6371438253e-03 3.7785724816e-04 1.5715646506e-03 1.4884728449e-03 7.3132523959e-03
2.2926462148e+00 9.6495290679e-04 2.2853454574e-04 9.2074523362e-04 8.7285009824e-04 4.3554446134e-03
2.3977344213e+00 3.5591187469e-04 9.5665520224e-05 3.2134972076e-04 2.8883004346e-04 1.3324928206e-03
2.5076395643e+00 5.7143216979e-04 1.4309098892e-04 5.2685235614e-04 4.7272527063e-04 2.4233907193e-03
2.6225824381e+00 1.2473590989e-03 2.9829235118e-04 1.1899022597e-03 1.1092278144e-03 5.9221337669e-03
2.7427939574e+00 1.9644683713e-03 4.6098912988e-04 1.9038528997e-03 1.7912580430e-03 9.7132715558e-03
2.8685156218e+00 2.6808881761e-03 6.2294676231e-04 2.6400114171e-03 2.4955523745e-03 1.3674311088e-02
3.0000000000e+00 3.3880333967e-03 7.8239200919e-04 3.3992961953e-03 3.2239716820e-03 1.7786301185e-02
3.2183731270e+00 4.4655007929e-03 1.0246775069e-03 4.6471607565e-03 4.4261673489e-03 2.4503238885e-02
3.4526418615e+00 5.4887539819e-03 1.2543667802e-03 5.9826347617e-03 5.7196156366e-03 3.1486842135e-02
3.7039632614e+00 6.4513316452e-03 1.4703930303e-03 7.4452500924e-03 7.1437463774e-03 3.8719191095e-02
3.9735786079e+00 7.3145758530e-03 1.6645488546e-03 9.0375264648e-03 8.7021642591e-03 4.5958081709e-02
4.2628195366e+00 8.0667569405e-03 1.8345304960e-03 1.0795990900e-02 1.0431479695e-02 5.3089730684e-02
4.5731146139e+00 8.6994282460e-03 1.9786357616e-03 1.2770292707e-02 1.2381434109e-02 5.9998130572e-02
4.9059963933e+00 9.1959978605e-03 2.0932392239e-03 1.5001055352e-02 1.4593109963e-02 6.6478050850e-02
5.2631089844e+00 9.5548785512e-03 2.1779550730e-03 1.7559565802e-02 1.7137743152e-02 7.2401278747e-02
5.6462161733e+00 9.7597534657e-03 2.2289274677e-03 2.0495470095e-02 2.0065614578e-02 7.7496542818e-02
6.0572101337e+00 9.8358725375e-03 2.2516008045e-03 2.3983495169e-02 2.3550532486e-02 8.1814334956e-02
6.4981207730e+00 9.7684818175e-03 2.2423142798e-03 2.8112783819e-02 2.7682268308e-02 8.5057055210e-02
6.9711257572e+00 9.5707592648e-03 2.2036607981e-03 3.3103761423e-02 3.2680879138e-02 8.7160350316e-02
7.4785612673e+00 9.2549644177e-03 2.1380168962e-03 3.9249649108e-02 3.8839257436e-02 8.8060818066e-02
8.0229335370e+00 8.8372815099e-03 2.0486407920e-03 4.7004872878e-02 4.6611392030e-02 8.7750550855e-02
8.6069312317e+00 8.3059897751e-03 1.9323399788e-03 5.6784484053e-02 5.6412997865e-02 8.5940312512e-02
9.2334387273e+00 7.6925226725e-03 1.7959742237e-03 6.9640745366e-02 6.9295219080e-02 8.2811946617e-02
9.9055503565e+00 7.0145785154e-03 1.6433627652e-03 8.7257529074e-02 8.6941310352e-02 7.8444523544e-02
1.0626585692e+01 4.8800786702e-03 1.2049240860e-03 6.9961020266e-02 6.9730106307e-02 5.4591025886e-02
1.1400105941e+01 2.9227219156e-03 7.9316287122e-04 4.9746693486e-02 4.9571188985e-02 3.2117245738e-02
1.2229931535e+01 1.1919095479e-03 2.7260265187e-04 1.2864001582e-02 1.2812637681e-02 6.4952718383e-03
1.3120160999e+01 2.2676709270e-03 5.8210451988e-04 3.9950604101e-10 2.9365526778e-04 1.4956440349e-03
1.4075191193e+01 4.2858124629e-03 1.1265600450e-03 3.1412792789e-11 5.1258008225e-04 3.1516717002e-03
1.5099739031e+01 6.2555690502e-03 1.6448243244e-03 3.1041416605e-11 7.2252274000e-04 4.7080684057e-03
1.6198864774e+01 8.1234854472e-03 2.1320792014e-03 2.9616719735e-11 9.1951794870e-04 6.1640771029e-03
1.7377997026e+01 9.8767191777e-03 2.5869062432e-03 7.5873795103e-09 1.1024799740e-03 7.5201029395e-03
1.8642959543e+01 1.1514688720e-02 3.0099906861e-03 5.7196201227e-09 1.2718251393e-03 8.7794010674e-03
2.0000000000e+01 1.3042780222e-02 3.4032382126e-03 4.4169124468e-09 1.4284036170e-03 9.9486608095e-03
2.2684969009e+01 1.5514269659e-02 4.0365193757e-03 2.0100523119e-09 1.6790154015e-03 1.1828926584e-02
2.5730390946e+01 1.7664254334e-02 4.5846280612e-03 3.1646006303e-17 1.8939878840e-03 1.3455353718e-02
2.9184656059e+01 1.9519421471e-02 5.0555998504e-03 1.2758420300e-07 2.0774730465e-03 1.4852034444e-02
3.3102650911e+01 2.1107403560e-02 5.4572787741e-03 3.6319460219e-07 2.2329973598e-03 1.6043042875e-02
3.7546630501e+01 2.2453765199e-02 5.7966580075e-03 2.4695030044e-09 2.3629089306e-03 1.7049949386e-02
4.2587207465e+01 2.3585434675e-02 6.0810222241e-03 2.0211050700e-09 2.4711421195e-03 1.7894750562e-02
4.8304474075e+01 2.4525306810e-02 6.3164641620e-03 3.9148068265e-06 2.5584528818e-03 1.8595225739e-02
5.4789274868e+01 2.5290763510e-02 6.5074823987e-03 3.5716620272e-09 2.6310751551e-03 1.9166450985e-02
6.2144650119e+01 2.5906709727e-02 6.6606131224e-03 1.9824581969e-07 2.6874386693e-03 1.9626211685e-02
7.0487473100e+01 2.6388287121e-02 6.7797008070e-03 1.8513267214e-15 2.7300059948e-03 1.9986422223e-02
7.9950307138e+01 2.6750694554e-02 6.8685970675e-03 4.8582646223e-06 2.7603752834e-03 2.0258685724e-02
9.0683511982e+01 2.7004038892e-02 6.9298183982e-03 4.2072715380e-06 2.7799873151e-03 2.0451259399e-02
1.0285763295e+02 2.7160609116e-02 6.9664706636e-03 3.8061922489e-06 2.7897128919e-03 2.0572851117e-02
1.1666611078e+02 2.7226746803e-02 6.9800808565e-03 3.6433196506e-06 2.7899508122e-03 2.0628447321e-02
1.3232835537e+02 2.7209098259e-02 6.9722929865e-03 3.6831875203e-06 2.7813779861e-03 2.0622901078e-02
1.5009323203e+02 2.7111671429e-02 6.9440597793e-03 3.9241836222e-06 2.7642728351e-03 2.0559176471e-02
1.7024301585e+02 2.6937013239e-02 6.8959723389e-03 4.3727249466e-06 2.7388356691e-03 2.0439000232e-02
1.9309787692e+02 2.6686054663e-02 6.8281749184e-03 5.0455759652e-06 2.7050304778e-03 2.0262981477e-02
2.1902096768e+02 2.6358312781e-02 6.7404627315e-03 4.4319965598e-09 2.6633111477e-03 2.0030886222e-02
2.4842419320e+02 2.5951108757e-02 6.6320824489e-03 3.3327200677e-09 2.6123228141e-03 1.9739905519e-02
2.8177475619e+02 2.5461920041e-02 6.5023113773e-03 3.8074221735e-09 2.5522515603e-03 1.9387959302e-02
3.1960258057e+02 2.4886557214e-02 6.3500505728e-03 3.4252316763e-09 2.4827461154e-03 1.8971336063e-02
3.6250873177e+02 2.4222835759e-02 6.1746076360e-03 4.1138114415e-06 2.4018934905e-03 1.8487458725e-02
4.1117496727e+02 2.3465795715e-02 5.9746976470e-03 1.4762657643e-05 2.3266031854e-03 1.7938697742e-02
4.6637456948e+02 2.2611826318e-02 5.7494033593e-03 6.0497569644e-08 2.2146577843e-03 1.7302009846e-02
5.2898463275e+02 2.1659597760e-02 5.4982319460e-03 2.1637656293e-05 2.1231796020e-03 1.6602370808e-02
6.0000000000e+02 2.1552900907e-02 5.3687454846e-03 3.3377862186e-02 3.5050003323e-02 3.2430081819e-02

pendulum_log_plus_const 2.5100035751e-03 1.0210903348e-02 1.8672526788e-02 2.2924155812e-03 5.0832841508e-03
# param roughness sign_changes mean_jk_std
c0 1.7686681877e+00 7 3.5397602618e-02
A 1.7856326562e+00 2 3.4304135477e-02
alpha 8.4225702542e-01 1 4.2660763643e-02
# tp holdout_rel_rmse pred_rel_spread_mean c0_jk_std A_jk_std alpha_jk_std
5.0100000000e-01 8.6302978205e-03 2.4316898978e-03 1.3315990694e-02 1.0536353048e-02 1.7758746506e-02
5.0384893942e-01 8.6176407946e-03 2.4274962515e-03 1.3203679339e-02 1.0448019601e-02 1.7744922997e-02
5.0671407935e-01 8.6080501896e-03 2.4241720846e-03 1.3097317006e-02 1.0364540958e-02 1.7738113633e-02
5.0959551191e-01 8.6026981505e-03 2.4220509428e-03 1.2998736778e-02 1.0287452711e-02 1.7741068199e-02
5.1249332976e-01 8.5919050314e-03 2.4183778927e-03 1.2892423315e-02 1.0203953311e-02 1.7731733769e-02
5.1540762606e-01 8.5777441342e-03 2.4137430260e-03 1.2781726820e-02 1.0116779540e-02 1.7714735438e-02
5.1833849453e-01 8.5685818303e-03 2.4105273017e-03 1.2679969648e-02 1.0036963190e-02 1.7709274712e-02
5.2128602940e-01 8.5616330791e-03 2.4079367817e-03 1.2582583055e-02 9.9607161012e-03 1.7708950250e-02
5.2425032544e-01 8.5511800975e-03 2.4043464890e-03 1.2480642544e-02 9.8806660724e-03 1.7700684185e-02
5.2723147797e-01 8.5402050711e-03 2.4006049507e-03 1.2378871597e-02 9.8007257979e-03 1.7691327147e-02
5.3022958284e-01 8.5292906054e-03 2.3968774745e-03 1.2278152058e-02 9.7216202172e-03 1.7682199367e-02
5.3324473645e-01 8.5181082639e-03 2.3930699834e-03 1.2177912362e-02 9.6428589343e-03 1.7672487889e-02
5.3627703575e-01 8.5093621098e-03 2.3899513181e-03 1.2082355525e-02 9.5679556783e-03 1.7668526566e-02
5.3932657824e-01 8.5021942923e-03 2.3872748811e-03 1.1989938526e-02 9.4955855088e-03 1.7668187406e-02
5.4239346196e-01 8.4878727895e-03 2.3825685094e-03 1.1887824362e-02 9.4151856560e-03 1.7651581732e-02
5.4547778554e-01 8.4748787944e-03 2.3782353231e-03 1.1788620308e-02 9.3371498263e-03 1.7638081529e-02
5.4857964815e-01 8.4684372327e-03 2.3757539148e-03 1.1699910244e-02 9.2677474603e-03 1.7639702300e-02
5.5169914951e-01 8.4594596530e-03 2.3725506309e-03 1.1608323049e-02 9.1959348086e-03 1.7635592473e-02
5.5483638994e-01 8.4457484740e-03 2.3680052937e-03 1.1510790595e-02 9.1191831938e-03 1.7620712751e-02
5.5799147030e-01 8.4351015987e-03 2.3643227153e-03 1.1418503029e-02 9.0467137906e-03 1.7612898365e-02
5.6116449205e-01 8.4242394872e-03 2.3605769320e-03 1.1326839199e-02 8.9747474628e-03 1.7604745579e-02
5.6435555720e-01 8.4139109179e-03 2.3569777418e-03 1.1236726789e-02 8.9040145710e-03 1.7597851635e-02
5.6756476836e-01 8.4054068109e-03 2.3538902805e-03 1.1150012885e-02 8.8360607756e-03 1.7595259443e-02
5.7079222872e-01 8.3935020329e-03 2.3498397356e-03 1.1059391198e-02 8.7648520485e-03 1.7584941898e-02
5.7403804206e-01 8.3789508385e-03 2.3450391847e-03 1.0965922213e-02 8.6912435472e-03 1.7568551730e-02
5.7730231273e-01 8.3695018895e-03 2.3416749528e-03 1.0880366088e-02 8.6241525907e-03 1.7564048060e-02
5.8058514569e-01 8.3625439625e-03 2.3390088483e-03 1.0798986542e-02 8.5604833728e-03 1.7565389234e-02
5.8388664650e-01 8.3489481734e-03 2.3344658333e-03 1.0709384923e-02 8.4900505890e-03 1.7551755827e-02
5.8720692132e-01 8.3347610050e-03 2.3297568032e-03 1.0619815379e-02 8.4195436846e-03 1.7536547366e-02
5.9054607690e-01 8.3250009181e-03 2.3262909704e-03 1.0537004917e-02 8.3545967599e-03 1.7531669731e-02
5.9390422060e-01 8.3154209692e-03 2.3228715728e-03 1.0455147816e-02 8.2903933375e-03 1.7527245764e-02
5.9728146041e-01 8.3036402650e-03 2.3188308299e-03 1.0371219484e-02 8.2244667335e-03 1.7517885584e-02
6.0067790492e-01 8.2933830349e-03 2.3152141101e-03 1.0289993742e-02 8.1607239822e-03 1.7512063473e-02
6.0409366332e-01 8.2795807187e-03 2.3105989734e-03 1.0204961961e-02 8.0938144542e-03 1.7498145536e-02
6.0752884546e-01 8.2669727487e-03 2.3063163760e-03 1.0122261783e-02 8.0287998313e-03 1.7487064496e-02
6.1098356177e-01 8.2596976281e-03 2.3035268633e-03 1.0047151108e-02 7.9700321104e-03 1.7488447332e-02
6.1445792336e-01 8.2492938057e-03 2.2998557831e-03 9.9687385445e-03 7.9085018250e-03 1.7482646350e-02
6.1795204192e-01 8.2329449897e-03 2.2945155219e-03 9.8835762007e-03 7.8413648773e-03 1.7463128774e-02
6.2146602980e-01 8.2218108984e-03 2.2906335167e-03 9.8057097714e-03 7.7802182753e-03 1.7455755916e-02
6.2500000000e-01 8.2130978534e-03 2.2874268615e-03 9.7316412566e-03 7.7222045109e-03 1.7454180302e-02
6.5364817461e-01 8.1164713894e-03 2.2542084945e-03 9.1363447653e-03 7.2543544594e-03 1.7379371219e-02
6.8360949787e-01 8.0276412867e-03 2.2229740850e-03 8.5921858522e-03 6.8271657774e-03 1.7327983629e-02
7.1494416069e-01 7.9312764590e-03 2.1894723591e-03 8.0783903082e-03 6.4234931422e-03 1.7263784225e-02
7.4771511293e-01 7.8349150546e-03 2.1558175605e-03 7.6009679764e-03 6.0484204329e-03 1.7204371763e-02
7.8198818991e-01 7.7382097126e-03 2.1219301955e-03 7.1569167589e-03 5.6995576526e-03 1.7148824085e-02
8.1783224464e-01 7.6478163332e-03 2.0896442131e-03 6.7499176878e-03 5.3800614459e-03 1.7113153458e-02
8.5531928615e-01 7.5543476983e-03 2.0564020267e-03 6.3687014870e-03 5.0807202321e-03 1.7075000262e-02
8.9452462416e-01 7.4630860678e-03 2.0236832126e-03 6.0160015725e-03 4.8037870101e-03 1.7046578271e-02
9.3552702036e-01 7.3816497294e-03 1.9935419323e-03 5.6957387637e-03 4.5526773842e-03 1.7047169901e-02
9.7840884664e-01 7.3031672417e-03 1.9641324061e-03 5.3999209945e-03 4.3208157413e-03 1.7060093776e-02
1.0232562506e+00 7.2304740377e-03 1.9362410269e-03 5.1288336473e-03 4.1085096468e-03 1.7092786912e-02
1.0701593286e+00 7.1628579529e-03 1.9096666999e-03 4.8800535257e-03 3.9138806476e-03 1.7144083704e-02
1.1192123067e+00 7.1123866914e-03 1.8875996001e-03 4.6599989747e-03 3.7423468017e-03 1.7245529076e-02
1.1705137300e+00 7.0648312259e-03 1.8662899658e-03 4.4570671223e-03 3.5842924370e-03 1.7361566388e-02
1.2241666608e+00 7.0306446379e-03 1.8484757251e-03 4.2766024167e-03 3.4442716635e-03 1.7520331087e-02
1.2802788852e+00 7.0089763430e-03 1.8339183910e-03 4.1163694710e-03 3.3204993725e-03 1.7721138590e-02
1.3389631300e+00 7.0046728198e-03 1.8238467454e-03 3.9776884531e-03 3.2141722660e-03 1.7978809299e-02
1.4003372893e+00 7.0088439317e-03 1.8159427292e-03 3.8540029747e-03 3.1199066453e-03 1.8271525326e-02
1.4645246608e+00 7.0303392070e-03 1.8124868513e-03 3.7492486285e-03 3.0410222426e-03 1.8625159097e-02
1.5316541939e+00 7.0730540911e-03 1.8144148833e-03 3.6642331621e-03 2.9783337485e-03 1.9053802167e-02
1.6018607488e+00 7.1285797434e-03 1.8195715094e-03 3.5934837427e-03 2.9273215422e-03 1.9536975092e-02
1.6752853671e+00 7.2017556966e-03 1.8291564540e-03 3.5387649602e-03 2.8895663016e-03 2.0091729655e-02
1.7520755554e+00 7.2914710041e-03 1.8428653547e-03 3.4988291529e-03 2.8641162002e-03 2.0718570032e-02
1.8323855817e+00 7.4040246187e-03 1.8622356868e-03 3.4761659332e-03 2.8531869844e-03 2.1440565556e-02
1.9163767851e+00 7.5249512008e-03 1.8836722847e-03 3.4635356538e-03 2.8507359808e-03 2.2218614245e-02
2.0042178999e+00 7.6658694444e-03 1.9100333513e-03 3.4662486351e-03 2.8613838435e-03 2.3092503519e-02
2.0960853948e+00 7.8221213193e-03 1.9401623204e-03 3.4820733792e-03 2.8833472618e-03 2.4053070679e-02
2.1921638274e+00 7.9924893336e-03 1.9737369946e-03 3.5105947283e-03 2.9163998919e-03 2.5101815050e-02
2.2926462148e+00 8.1706408216e-03 2.0093001141e-03 3.5493056403e-03 2.9584965460e-03 2.6222619991e-02
2.3977344213e+00 8.3570459578e-03 2.0469324260e-03 3.5987722908e-03 3.0101965048e-03 2.7421576675e-02
2.5076395643e+00 8.5631080757e-03 2.0893822074e-03 3.6649209925e-03 3.0769147295e-03 2.8744291546e-02
2.6225824381e+00 8.7599899333e-03 2.1297886048e-03 3.7354801846e-03 3.1479840905e-03 3.0094319451e-02
2.7427939574e+00 8.9678080934e-03 2.1729906962e-03 3.8203963931e-03 3.2322818702e-03 3.1547187775e-02
2.8685156218e+00 9.1710568502e-03 2.2153404078e-03 3.9136877500e-03 3.3246655299e-03 3.3050483109e-02
3.0000000000e+00 9.3668974387e-03 2.2562145823e-03 4.0150699933e-03 3.4249864082e-03 3.4595374085e-02
3.2183731270e+00 9.6516287000e-03 2.3156784861e-03 4.1900318267e-03 3.5984202303e-03 3.7075615813e-02
3.4526418615e+00 9.9003791579e-03 2.3676220292e-03 4.3840005150e-03 3.7913648170e-03 3.9589304841e-02
3.7039632614e+00 1.0109875867e-02 2.4114034418e-03 4.6004997774e-03 4.0075725150e-03 4.2116811342e-02
3.9735786079e+00 1.0251365007e-02 2.4403964035e-03 4.8292606805e-03 4.2381226787e-03 4.4515268155e-02
4.2628195366e+00 1.0317566970e-02 2.4529575209e-03 5.0691157488e-03 4.4821953991e-03 4.6718432456e-02
4.5731146139e+00 1.0302218048e-02 2.4475852639e-03 5.3188671032e-03 4.7390244190e-03 4.8655006438e-02
4.9059963933e+00 1.0192761580e-02 2.4212364228e-03 5.5710406176e-03 5.0018468451e-03 5.0208899899e-02
5.2631089844e+00 9.9891878706e-03 2.3737358808e-03 5.8222446609e-03 5.2674123706e-03 5.1314199225e-02
5.6462161733e+00 9.6777973916e-03 2.3016040647e-03 6.0572636295e-03 5.5213722506e-03 5.1822156590e-02
6.0572101337e+00 9.2790834598e-03 2.2093573700e-03 6.2816706742e-03 5.7686152025e-03 5.1767868028e-02
6.4981207730e+00 8.7813675402e-03 2.0939305176e-03 6.4720250704e-03 5.9864002148e-03 5.1001880691e-02
6.9711257572e+00 8.1946649075e-03 1.9573390737e-03 6.6178465191e-03 6.1640506178e-03 4.9501398465e-02
7.4785612673e+00 7.5289958716e-03 1.8016249270e-03 6.7032749432e-03 6.2854607362e-03 4.7252066147e-02
8.0229335370e+00 6.7972855292e-03 1.6295258022e-03 6.7111720882e-03 6.3331630200e-03 4.4270458949e-02
8.6069312317e+00 5.9881232983e-03 1.4380014887e-03 6.5892731407e-03 6.2557259509e-03 4.0416306007e-02
9.2334387273e+00 5.1278835584e-03 1.2331157727e-03 6.3202379277e-03 6.0346993079e-03 3.5817234386e-02
9.9055503565e+00 4.2310514452e-03 1.0182607513e-03 5.8697874989e-03 5.6351578911e-03 3.0540819238e-02
1.0626585692e+01 3.2927950362e-03 7.9240608267e-04 5.1613744657e-03 4.9806881714e-03 2.4522699018e-02
1.1400105941e+01 2.3430717043e-03 5.6354044525e-04 4.1664754229e-03 4.0408286827e-03 1.7968082085e-02
1.2229931535e+01 1.3966396422e-03 3.4110136762e-04 2.8253023644e-03 2.7524838275e-03 1.0956879539e-02
1.3120160999e+01 5.6392906046e-04 1.5860581289e-04 1.2764497648e-03 1.2286958949e-03 4.1151654254e-03
1.4075191193e+01 7.7434835907e-04 2.1113564931e-04 1.9923494580e-03 1.8939588921e-03 5.6864727927e-03
1.5099739031e+01 1.6676875349e-03 4.3335253498e-04 5.0189287096e-03 4.8675795237e-03 1.3528978065e-02
1.6198864774e+01 2.5947708108e-03 6.6465451326e-04 9.0464163405e-03 8.8323997098e-03 2.1827484256e-02
1.7377997026e+01 3.5154488243e-03 8.9507274027e-04 1.4201444943e-02 1.3922181597e-02 3.0317508854e-02
1.8642959543e+01 4.4125588023e-03 1.1207875494e-03 2.0723802122e-02 2.0376970834e-02 3.8838101007e-02
2.0000000000e+01 5.2849972808e-03 1.3410373968e-03 2.8975005941e-02 2.8559099814e-02 4.7348007687e-02
2.2684969009e+01 6.7545998392e-03 1.7133416410e-03 4.9565285139e-02 4.9024061406e-02 6.2172252970e-02
2.5730390946e+01 8.1198094536e-03 2.0606404086e-03 8.1742499236e-02 8.1070361609e-02 7.6409236941e-02
2.9184656059e+01 9.2997053773e-03 2.3143418412e-03 1.2222200655e-01 1.2155057796e-01 8.7784409141e-02
3.3102650911e+01 1.0224619943e-02 2.3574565349e-03 1.3543886146e-01 1.3501422863e-01 9.0032845518e-02
3.7546630501e+01 1.1098414385e-02 2.3941181408e-03 1.2999473502e-01 1.2976242597e-01 8.8087437719e-02
4.2587207465e+01 1.1910927990e-02 2.4838193759e-03 1.3026301382e-01 1.3014727869e-01 8.7755558124e-02
4.8304474075e+01 1.2692752687e-02 2.6266608753e-03 1.3059918803e-01 1.3058217848e-01 8.7178903519e-02
5.4789274868e+01 1.3407213414e-02 2.7787257046e-03 1.3040057460e-01 1.3046744535e-01 8.7060902760e-02
6.2144650119e+01 1.4035090415e-02 2.9197583329e-03 1.3054531387e-01 1.3067683044e-01 8.7443926246e-02
7.0487473100e+01 1.4589485275e-02 3.0453358419e-03 1.3104991854e-01 1.3122865985e-01 8.8356669506e-02
7.9950307138e+01 1.5081149812e-02 3.1546477840e-03 1.3189139895e-01 1.3210191898e-01 8.9781121341e-02
9.0683511982e+01 1.5524642714e-02 3.2492607757e-03 1.3308704521e-01 1.3331486434e-01 9.1776162202e-02
1.0285763295e+02 1.5924636745e-02 3.3303464435e-03 1.3456245263e-01 1.3479504163e-01 9.4263364049e-02
1.1666611078e+02 1.6297668904e-02 3.4011402905e-03 1.3634684347e-01 1.3657190921e-01 9.7347158016e-02
1.3232835537e+02 1.6650536403e-02 3.4637454002e-03 1.3839585261e-01 1.3860204314e-01 1.0101898741e-01
1.5009323203e+02 1.6993286333e-02 3.5210019510e-03 1.4069213101e-01 1.4086843224e-01 1.0532848996e-01
1.7024301585e+02 1.7331988473e-02 3.5755108899e-03 1.4319700046e-01 1.4333279230e-01 1.1029376731e-01
1.9309787692e+02 1.7677388434e-02 3.6312402098e-03 1.4589700481e-01 1.4598155332e-01 1.1599506073e-01
2.1902096768e+02 1.8039184128e-02 3.6926756367e-03 1.4877061725e-01 1.4879298187e-01 1.2251247491e-01
2.4842419320e+02 1.8424005500e-02 3.7644444381e-03 1.5178455909e-01 1.5173356266e-01 1.2991081687e-01
2.8177475619e+02 1.8838207647e-02 3.8514801627e-03 1.5489911407e-01 1.5476341664e-01 1.3824831281e-01
3.1960258057e+02 1.9328167372e-02 3.9807216167e-03 1.5498968351e-01 1.5479460229e-01 1.4636311187e-01
3.6250873177e+02 1.9866833509e-02 4.1409360840e-03 1.5887652925e-01 1.5858664824e-01 1.5569909101e-01
4.1117496727e+02 2.0448666087e-02 4.3317347127e-03 1.6520185492e-01 1.6478650281e-01 1.6631358126e-01
4.6637456948e+02 2.1081417865e-02 4.5543040040e-03 1.7280366030e-01 1.7223739016e-01 1.7834057371e-01
5.2898463275e+02 2.1761884231e-02 4.8069279627e-03 1.8084252097e-01 1.8010434513e-01 1.9182027416e-01
6.0000000000e+02 2.2487018339e-02 5.0832841508e-03 1.8653027435e-01 1.8560968858e-01 2.0632330458e-01

