# H_star t_star theta0 t_p x_tp_over_tosc Ea3_PT Ea3_noPT f_anh_PT f_anh_noPT xi_DM nsteps_PT nsteps_noPT
1 0.5 0.2618 5.0100000000e-01 3.3400000000e-01 3.3700989676e-02 2.5490998574e-02 2.7890654979e+00 4.0721391266e-01 1.3220741266e+00 3263 3275
1 0.5 0.2618 5.1708037277e-01 3.4472024851e-01 3.4173362983e-02 2.5490998574e-02 2.6972629515e+00 4.0721391266e-01 1.3406051114e+00 3263 3275
1 0.5 0.2618 5.3367687006e-01 3.5578458004e-01 3.4671944221e-02 2.5490998574e-02 2.6099565166e+00 4.0721391266e-01 1.3601642211e+00 3263 3275
1 0.5 0.2618 5.5080605770e-01 3.6720403847e-01 3.5198122927e-02 2.5490998574e-02 2.5269351071e+00 4.0721391266e-01 1.3808059666e+00 3263 3275
1 0.5 0.2618 5.6848503321e-01 3.7899002214e-01 3.5753359426e-02 2.5490998574e-02 2.4479973835e+00 4.0721391266e-01 1.4025876358e+00 3263 3275
1 0.5 0.2618 5.8673144288e-01 3.9115429525e-01 3.6339227657e-02 2.5490998574e-02 2.3729538725e+00 4.0721391266e-01 1.4255709736e+00 3262 3275
1 0.5 0.2618 6.0556349939e-01 4.0370899960e-01 3.6957251985e-02 2.5490998574e-02 2.3016155523e+00 4.0721391266e-01 1.4498157801e+00 3262 3275
1 0.5 0.2618 6.2500000000e-01 4.1666666667e-01 3.7609163548e-02 2.5490998574e-02 2.2338103348e+00 4.0721391266e-01 1.4753899671e+00 3262 3275
1 0.5 0.2618 8.5531928615e-01 5.7021285743e-01 4.6350557763e-02 2.5490998574e-02 1.7196307987e+00 4.0721391266e-01 1.8183107903e+00 3261 3275
1 0.5 0.2618 1.1705137300e+00 7.8034248667e-01 6.1001113409e-02 2.5490998574e-02 1.4136621848e+00 4.0721391266e-01 2.3930452638e+00 3261 3275
1 0.5 0.2618 1.6018607488e+00 1.0679071658e+00 8.5282701474e-02 2.5490998574e-02 1.2345152428e+00 4.0721391266e-01 3.3456006529e+00 3260 3275
1 0.5 0.2618 2.1921638274e+00 1.4614425516e+00 1.2513385897e-01 2.5490998574e-02 1.1314567935e+00 4.0721391266e-01 4.9089429983e+00 3260 3275
1 0.5 0.2618 3.0000000000e+00 2.0000000000e+00 1.9001708037e-01 2.5490998574e-02 1.0732067762e+00 4.0721391266e-01 7.4542815502e+00 3260 3275
1 0.5 0.2618 4.3843276549e+00 2.9228851032e+00 3.2411707378e-01 2.5490998574e-02 1.0361438470e+00 4.0721391266e-01 1.2714961826e+01 3260 3275
1 0.5 0.2618 6.4074429951e+00 4.2716286634e+00 5.6274692759e-01 2.5490998574e-02 1.0182599284e+00 4.0721391266e-01 2.2076299834e+01 3260 3275
1 0.5 0.2618 9.3641098401e+00 6.2427398934e+00 9.8590170445e-01 2.5490998574e-02 1.0097329205e+00 4.0721391266e-01 3.8676464618e+01 3260 3275
1 0.5 0.2618 1.3685108578e+01 9.1234057189e+00 1.7348769002e+00 2.5490998574e-02 1.0057011358e+00 4.0721391266e-01 6.8058412665e+01 3260 3275
1 0.5 0.2618 2.0000000000e+01 1.3333333333e+01 3.0593045632e+00 2.5490998574e-02 1.0038073432e+00 4.0721391266e-01 1.2001509295e+02 3260 3275
1 0.5 0.2618 3.9487009717e+01 2.6324673144e+01 8.4764366030e+00 2.5490998574e-02 1.0025466627e+00 4.0721391266e-01 3.3252665949e+02 3260 3275
1 0.5 0.2618 7.7961196818e+01 5.1974131212e+01 2.3506941993e+01 2.5490998574e-02 1.0021922423e+00 4.0721391266e-01 9.2216638451e+02 3260 3275
1 0.5 0.2618 1.5392272681e+02 1.0261515121e+02 6.5202260359e+01 2.5490998574e-02 1.0020310431e+00 4.0721391266e-01 2.5578543017e+03 3260 3275
1 0.5 0.2618 3.0389741047e+02 2.0259827364e+02 1.8085146585e+02 2.5490998574e-02 1.0018534115e+00 4.0721391266e-01 7.0947187620e+03 3260 3275
1 0.5 0.2618 6.0000000000e+02 4.0000000000e+02 5.0158524137e+02 2.5490998574e-02 1.0015912484e+00 4.0721391266e-01 1.9676955373e+04 3260 3275
1 0.5 0.45 5.0100000000e-01 3.3400000000e-01 1.0027535614e-01 7.6150665790e-02 2.8404275670e+00 4.1637333667e-01 1.3168020936e+00 3478 3491
1 0.5 0.45 5.1708037277e-01 3.4472024851e-01 1.0166204481e-01 7.6150665790e-02 2.7464257074e+00 4.1637333667e-01 1.3350118973e+00 3477 3491
1 0.5 0.45 5.3367687006e-01 3.5578458004e-01 1.0312548225e-01 7.6150665790e-02 2.6570181202e+00 4.1637333667e-01 1.3542295550e+00 3477 3491
1 0.5 0.45 5.5080605770e-01 3.6720403847e-01 1.0466984264e-01 7.6150665790e-02 2.5719919441e+00 4.1637333667e-01 1.3745098819e+00 3477 3491
1 0.5 0.45 5.6848503321e-01 3.7899002214e-01 1.0629940260e-01 7.6150665790e-02 2.4911413209e+00 4.1637333667e-01 1.3959090376e+00 3477 3491
1 0.5 0.45 5.8673144288e-01 3.9115429525e-01 1.0801865063e-01 7.6150665790e-02 2.4142697809e+00 4.1637333667e-01 1.4184859647e+00 3477 3491
1 0.5 0.45 6.0556349939e-01 4.0370899960e-01 1.0983230143e-01 7.6150665790e-02 2.3411899089e+00 4.1637333667e-01 1.4423025759e+00 3477 3491
1 0.5 0.45 6.2500000000e-01 4.1666666667e-01 1.1174530485e-01 7.6150665790e-02 2.2717228858e+00 4.1637333667e-01 1.4674238720e+00 3477 3491
1 0.5 0.45 8.5531928615e-01 5.7021285743e-01 1.3738988272e-01 7.6150665790e-02 1.7446505440e+00 4.1637333667e-01 1.8041849181e+00 3476 3491
1 0.5 0.45 1.1705137300e+00 7.8034248667e-01 1.8035703011e-01 7.6150665790e-02 1.4305874191e+00 4.1637333667e-01 2.3684235487e+00 3475 3491
1 0.5 0.45 1.6018607488e+00 1.0679071658e+00 2.5155846412e-01 7.6150665790e-02 1.2463725898e+00 4.1637333667e-01 3.3034309222e+00 3475 3491
1 0.5 0.45 2.1921638274e+00 1.4614425516e+00 3.6841323376e-01 7.6150665790e-02 1.1401757655e+00 4.1637333667e-01 4.8379515785e+00 3475 3491
1 0.5 0.45 3.0000000000e+00 2.0000000000e+00 5.5868345087e-01 7.6150665790e-02 1.0800155776e+00 4.1637333667e-01 7.3365537263e+00 3475 3491
1 0.5 0.45 4.3843276549e+00 2.9228851032e+00 9.5198275218e-01 7.6150665790e-02 1.0416472467e+00 4.1637333667e-01 1.2501305698e+01 3475 3491
1 0.5 0.45 6.4074429951e+00 4.2716286634e+00 1.6519455085e+00 7.6150665790e-02 1.0230919922e+00 4.1637333667e-01 2.1693119704e+01 3475 3491
1 0.5 0.45 9.3641098401e+00 6.2427398934e+00 2.8932788516e+00 7.6150665790e-02 1.0142304340e+00 4.1637333667e-01 3.7994137301e+01 3475 3491
1 0.5 0.45 1.3685108578e+01 9.1234057189e+00 5.0905190727e+00 7.6150665790e-02 1.0100335326e+00 4.1637333667e-01 6.6847991674e+01 3475 3491
1 0.5 0.45 2.0000000000e+01 1.3333333333e+01 8.9760124157e+00 7.6150665790e-02 1.0080557373e+00 4.1637333667e-01 1.1787175230e+02 3475 3491
1 0.5 0.45 3.9487009717e+01 2.6324673144e+01 2.4868014717e+01 7.6150665790e-02 1.0067133792e+00 4.1637333667e-01 3.2656332626e+02 3475 3491
1 0.5 0.45 7.7961196818e+01 5.1974131212e+01 6.8958564477e+01 7.6150665790e-02 1.0062747156e+00 4.1637333667e-01 9.0555432131e+02 3475 3491
1 0.5 0.45 1.5392272681e+02 1.0261515121e+02 1.9124371698e+02 7.6150665790e-02 1.0059563765e+00 4.1637333667e-01 2.5113860135e+03 3475 3491
1 0.5 0.45 3.0389741047e+02 2.0259827364e+02 5.3029398768e+02 7.6150665790e-02 1.0054773658e+00 4.1637333667e-01 6.9637472264e+03 3475 3491
1 0.5 0.45 6.0000000000e+02 4.0000000000e+02 1.4700145316e+03 7.6150665790e-02 1.0047102824e+00 4.1637333667e-01 1.9304027303e+04 3475 3491
1 0.5 0.62 5.0100000000e-01 3.3400000000e-01 1.9222610167e-01 1.4676550083e-01 2.9124543351e+00 4.2923037450e-01 1.3097499112e+00 3697 3711
1 0.5 0.62 5.1708037277e-01 3.4472024851e-01 1.9483521969e-01 1.4676550083e-01 2.8153587337e+00 4.2923037450e-01 1.3275273725e+00 3697 3711
1 0.5 0.62 5.3367687006e-01 3.5578458004e-01 1.9758874323e-01 1.4676550083e-01 2.7230021419e+00 4.2923037450e-01 1.3462887539e+00 3697 3711
1 0.5 0.62 5.5080605770e-01 3.6720403847e-01 2.0049431499e-01 1.4676550083e-01 2.6351622218e+00 4.2923037450e-01 1.3660861296e+00 3697 3711
1 0.5 0.62 5.6848503321e-01 3.7899002214e-01 2.0355995825e-01 1.4676550083e-01 2.5516268010e+00 4.2923037450e-01 1.3869741669e+00 3697 3711
1 0.5 0.62 5.8673144288e-01 3.9115429525e-01 2.0679410137e-01 1.4676550083e-01 2.4721934854e+00 4.2923037450e-01 1.4090102933e+00 3697 3711
1 0.5 0.62 6.0556349939e-01 4.0370899960e-01 2.1020559418e-01 1.4676550083e-01 2.3966691718e+00 4.2923037450e-01 1.4322548078e+00 3697 3711
1 0.5 0.62 6.2500000000e-01 4.1666666667e-01 2.1380372805e-01 1.4676550083e-01 2.3248696206e+00 4.2923037450e-01 1.4567710180e+00 3697 3711
1 0.5 0.62 8.5531928615e-01 5.7021285743e-01 2.6202115289e-01 1.4676550083e-01 1.7797020918e+00 4.2923037450e-01 1.7853047986e+00 3696 3711
1 0.5 0.62 1.1705137300e+00 7.8034248667e-01 3.4277251526e-01 1.4676550083e-01 1.4542684350e+00 4.2923037450e-01 2.3355115019e+00 3695 3711
1 0.5 0.62 1.6018607488e+00 1.0679071658e+00 4.7655513333e-01 1.4676550083e-01 1.2629302546e+00 4.2923037450e-01 3.2470514572e+00 3695 3711
1 0.5 0.62 2.1921638274e+00 1.4614425516e+00 6.9610698960e-01 1.4676550083e-01 1.1523113473e+00 4.2923037450e-01 4.7429878661e+00 3695 3711
1 0.5 0.62 3.0000000000e+00 2.0000000000e+00 1.0536255409e+00 1.4676550083e-01 1.0894511524e+00 4.2923037450e-01 7.1789728165e+00 3695 3711
1 0.5 0.62 4.3843276549e+00 2.9228851032e+00 1.7927610500e+00 1.4676550083e-01 1.0492313504e+00 4.2923037450e-01 1.2215139388e+01 3695 3711
1 0.5 0.62 6.4074429951e+00 4.2716286634e+00 3.1084433119e+00 1.4676550083e-01 1.0297200756e+00 4.2923037450e-01 2.1179659350e+01 3695 3711
1 0.5 0.62 9.3641098401e+00 6.2427398934e+00 5.4419958087e+00 1.4676550083e-01 1.0203796977e+00 4.2923037450e-01 3.7079530121e+01 3695 3711
1 0.5 0.62 1.3685108578e+01 9.1234057189e+00 9.5728224427e+00 1.4676550083e-01 1.0159468483e+00 4.2923037450e-01 6.5225290608e+01 3695 3711
1 0.5 0.62 2.0000000000e+01 1.3333333333e+01 1.6877752113e+01 1.4676550083e-01 1.0138482723e+00 4.2923037450e-01 1.1499808891e+02 3695 3711
1 0.5 0.62 3.9487009717e+01 2.6324673144e+01 4.6754826358e+01 1.4676550083e-01 1.0123913677e+00 4.2923037450e-01 3.1856823364e+02 3695 3711
1 0.5 0.62 7.7961196818e+01 5.1974131212e+01 1.2963519115e+02 1.4676550083e-01 1.0118322581e+00 4.2923037450e-01 8.8328108730e+02 3695 3711
1 0.5 0.62 1.5392272681e+02 1.0261515121e+02 3.5944532496e+02 1.4676550083e-01 1.0113048071e+00 4.2923037450e-01 2.4491131971e+03 3695 3711
1 0.5 0.62 3.0389741047e+02 2.0259827364e+02 9.9630221007e+02 1.4676550083e-01 1.0104246892e+00 4.2923037450e-01 6.7883951231e+03 3695 3711
1 0.5 0.62 6.0000000000e+02 4.0000000000e+02 2.7599863646e+03 1.4676550083e-01 1.0089819936e+00 4.2923037450e-01 1.8805416457e+04 3695 3711
1 0.5 0.7854 5.0100000000e-01 3.3400000000e-01 3.1247824595e-01 2.4019990449e-01 3.0085134460e+00 4.4640052771e-01 1.3009091182e+00 3939 3953
1 0.5 0.7854 5.1708037277e-01 3.4472024851e-01 3.1661886438e-01 2.4019990449e-01 2.9072907370e+00 4.4640052771e-01 1.3181473367e+00 3939 3953
1 0.5 0.7854 5.3367687006e-01 3.5578458004e-01 3.2098822348e-01 2.4019990449e-01 2.8109963768e+00 4.4640052771e-01 1.3363378481e+00 3939 3953
1 0.5 0.7854 5.5080605770e-01 3.6720403847e-01 3.2559841066e-01 2.4019990449e-01 2.7193992407e+00 4.4640052771e-01 1.3555309747e+00 3939 3953
1 0.5 0.7854 5.6848503321e-01 3.7899002214e-01 3.3046212137e-01 2.4019990449e-01 2.6322788304e+00 4.4640052771e-01 1.3757795702e+00 3939 3953
1 0.5 0.7854 5.8673144288e-01 3.9115429525e-01 3.3559268736e-01 2.4019990449e-01 2.5494247782e+00 4.4640052771e-01 1.3971391374e+00 3939 3953
1 0.5 0.7854 6.0556349939e-01 4.0370899960e-01 3.4100410710e-01 2.4019990449e-01 2.4706363810e+00 4.4640052771e-01 1.4196679546e+00 3939 3953
1 0.5 0.7854 6.2500000000e-01 4.1666666667e-01 3.4671107756e-01 2.4019990449e-01 2.3957221558e+00 4.4640052771e-01 1.4434272082e+00 3939 3953
1 0.5 0.7854 8.5531928615e-01 5.7021285743e-01 4.2315294164e-01 2.4019990449e-01 1.8263908580e+00 4.4640052771e-01 1.7616698996e+00 3938 3953
1 0.5 0.7854 1.1705137300e+00 7.8034248667e-01 5.5109397104e-01 2.4019990449e-01 1.4857633765e+00 4.4640052771e-01 2.2943138641e+00 3937 3953
1 0.5 0.7854 1.6018607488e+00 1.0679071658e+00 7.6298390487e-01 2.4019990449e-01 1.2848930928e+00 4.4640052771e-01 3.1764538229e+00 3937 3953
1 0.5 0.7854 2.1921638274e+00 1.4614425516e+00 1.1106842211e+00 2.4019990449e-01 1.1683416224e+00 4.4640052771e-01 4.6239994287e+00 3937 3953
1 0.5 0.7854 3.0000000000e+00 2.0000000000e+00 1.6769252137e+00 2.4019990449e-01 1.1018451647e+00 4.4640052771e-01 6.9813733577e+00 3937 3953
1 0.5 0.7854 4.3843276549e+00 2.9228851032e+00 2.8478097053e+00 2.4019990449e-01 1.0591201214e+00 4.4640052771e-01 1.1855998491e+01 3937 3953
1 0.5 0.7854 6.4074429951e+00 4.2716286634e+00 4.9324616337e+00 2.4019990449e-01 1.0383059596e+00 4.4640052771e-01 2.0534819296e+01 3937 3953
1 0.5 0.7854 9.3641098401e+00 6.2427398934e+00 8.6304925465e+00 2.4019990449e-01 1.0283112578e+00 4.4640052771e-01 3.5930457861e+01 3937 3953
1 0.5 0.7854 1.3685108578e+01 9.1234057189e+00 1.5177318349e+01 2.4019990449e-01 1.0235555795e+00 4.4640052771e-01 6.3186196438e+01 3937 3953
1 0.5 0.7854 2.0000000000e+01 1.3333333333e+01 2.6754980820e+01 2.4019990449e-01 1.0212884209e+00 4.4640052771e-01 1.1138630915e+02 3937 3953
1 0.5 0.7854 3.9487009717e+01 2.6324673144e+01 7.4106518780e+01 2.4019990449e-01 1.0196797625e+00 4.4640052771e-01 3.0852018421e+02 3937 3953
1 0.5 0.7854 7.7961196818e+01 5.1974131212e+01 2.0544481998e+02 2.4019990449e-01 1.0189812829e+00 4.4640052771e-01 8.5530766721e+02 3937 3953
1 0.5 0.7854 1.5392272681e+02 1.0261515121e+02 5.6950075375e+02 2.4019990449e-01 1.0181902594e+00 4.4640052771e-01 2.3709449634e+03 3937 3953
1 0.5 0.7854 3.0389741047e+02 2.0259827364e+02 1.5777590178e+03 2.4019990449e-01 1.0168079414e+00 4.4640052771e-01 6.5685247509e+03 3937 3953
1 0.5 0.7854 6.0000000000e+02 4.0000000000e+02 4.3671202296e+03 2.4019990449e-01 1.0145116311e+00 4.4640052771e-01 1.8181190533e+04 3937 3953
1 0.5 0.95 5.0100000000e-01 3.3400000000e-01 4.6477333461e-01 3.6020375875e-01 3.1331356140e+00 4.6871184668e-01 1.2903067315e+00 4214 4228
1 0.5 0.95 5.1708037277e-01 3.4472024851e-01 4.7075014436e-01 3.6020375875e-01 3.0265507500e+00 4.6871184668e-01 1.3068995893e+00 4214 4228
1 0.5 0.95 5.3367687006e-01 3.5578458004e-01 4.7705635811e-01 3.6020375875e-01 2.9251402662e+00 4.6871184668e-01 1.3244069406e+00 4214 4228
1 0.5 0.95 5.5080605770e-01 3.6720403847e-01 4.8370935111e-01 3.6020375875e-01 2.8286616340e+00 4.6871184668e-01 1.3428770227e+00 4214 4228
1 0.5 0.95 5.6848503321e-01 3.7899002214e-01 4.9072737113e-01 3.6020375875e-01 2.7368834781e+00 4.6871184668e-01 1.3623604952e+00 4214 4228
1 0.5 0.95 5.8673144288e-01 3.9115429525e-01 4.9812958021e-01 3.6020375875e-01 2.6495850625e+00 4.6871184668e-01 1.3829105558e+00 4213 4228
1 0.5 0.95 6.0556349939e-01 4.0370899960e-01 5.0593610003e-01 3.6020375875e-01 2.5665558093e+00 4.6871184668e-01 1.4045830665e+00 4213 4228
1 0.5 0.95 6.2500000000e-01 4.1666666667e-01 5.1416806693e-01 3.6020375875e-01 2.4875948747e+00 4.6871184668e-01 1.4274367061e+00 4213 4228
1 0.5 0.95 8.5531928615e-01 5.7021285743e-01 6.2436419818e-01 3.6020375875e-01 1.8868621535e+00 4.6871184668e-01 1.7333639170e+00 4212 4228
1 0.5 0.95 1.1705137300e+00 7.8034248667e-01 8.0865070944e-01 3.6020375875e-01 1.5264788175e+00 4.6871184668e-01 2.2449813190e+00 4212 4228
1 0.5 0.95 1.6018607488e+00 1.0679071658e+00 1.1137100324e+00 3.6020375875e-01 1.3131960593e+00 4.6871184668e-01 3.0918889804e+00 4212 4228
1 0.5 0.95 2.1921638274e+00 1.4614425516e+00 1.6142064925e+00 3.6020375875e-01 1.1888967983e+00 4.6871184668e-01 4.4813704835e+00 4212 4228
1 0.5 0.95 3.0000000000e+00 2.0000000000e+00 2.4293231847e+00 3.6020375875e-01 1.1176298474e+00 4.6871184668e-01 6.7443027056e+00 4212 4228
1 0.5 0.95 4.3843276549e+00 2.9228851032e+00 4.1151940509e+00 3.6020375875e-01 1.0715942963e+00 4.6871184668e-01 1.1424628286e+01 4212 4228
1 0.5 0.95 6.4074429951e+00 4.2716286634e+00 7.1174877357e+00 3.6020375875e-01 1.0490451481e+00 4.6871184668e-01 1.9759615392e+01 4212 4228
1 0.5 0.95 9.3641098401e+00 6.2427398934e+00 1.2444421791e+01 3.6020375875e-01 1.0381725756e+00 4.6871184668e-01 3.4548284100e+01 4212 4228
1 0.5 0.95 1.3685108578e+01 9.1234057189e+00 2.1876146691e+01 3.6020375875e-01 1.0329826670e+00 4.6871184668e-01 6.0732699645e+01 4212 4228
1 0.5 0.95 2.0000000000e+01 1.3333333333e+01 3.8556247950e+01 3.6020375875e-01 1.0304913476e+00 4.6871184668e-01 1.0704010442e+02 4212 4228
1 0.5 0.95 3.9487009717e+01 2.6324673144e+01 1.0677443261e+02 3.6020375875e-01 1.0286804378e+00 4.6871184668e-01 2.9642786899e+02 4212 4228
1 0.5 0.95 7.7961196818e+01 5.1974131212e+01 2.9596478173e+02 3.6020375875e-01 1.0278195348e+00 4.6871184668e-01 8.2165933736e+02 4212 4228
1 0.5 0.95 1.5392272681e+02 1.0261515121e+02 8.2019117772e+02 3.6020375875e-01 1.0267283394e+00 4.6871184668e-01 2.2770200416e+03 4212 4228
1 0.5 0.95 3.0389741047e+02 2.0259827364e+02 2.2709876851e+03 3.6020375875e-01 1.0247521983e+00 4.6871184668e-01 6.3047306697e+03 4212 4228
1 0.5 0.95 6.0000000000e+02 4.0000000000e+02 6.2798476771e+03 3.6020375875e-01 1.0214492944e+00 4.6871184668e-01 1.7434153655e+04 4212 4228
1 0.5 1.12 5.0100000000e-01 3.3400000000e-01 6.5987384187e-01 5.1648461103e-01 3.2974693259e+00 4.9819221610e-01 1.2776253692e+00 4541 4555
1 0.5 1.12 5.1708037277e-01 3.4472024851e-01 6.6804626550e-01 5.1648461103e-01 3.1838008990e+00 4.9819221610e-01 1.2934485389e+00 4541 4555
1 0.5 1.12 5.3367687006e-01 3.5578458004e-01 6.7666776453e-01 5.1648461103e-01 3.0756319040e+00 4.9819221610e-01 1.3101411931e+00 4541 4555
1 0.5 1.12 5.5080605770e-01 3.6720403847e-01 6.8576196708e-01 5.1648461103e-01 2.9727047257e+00 4.9819221610e-01 1.3277490799e+00 4541 4555
1 0.5 1.12 5.6848503321e-01 3.7899002214e-01 6.9535410659e-01 5.1648461103e-01 2.8747753428e+00 4.9819221610e-01 1.3463210553e+00 4540 4555
1 0.5 1.12 5.8673144288e-01 3.9115429525e-01 7.0546943115e-01 5.1648461103e-01 2.7816058840e+00 4.9819221610e-01 1.3659060040e+00 4540 4555
1 0.5 1.12 6.0556349939e-01 4.0370899960e-01 7.1613568975e-01 5.1648461103e-01 2.6929743901e+00 4.9819221610e-01 1.3865576524e+00 4540 4555
1 0.5 1.12 6.2500000000e-01 4.1666666667e-01 7.2738160564e-01 5.1648461103e-01 2.6086675056e+00 4.9819221610e-01 1.4083316136e+00 4540 4555
1 0.5 1.12 8.5531928615e-01 5.7021285743e-01 8.7780502796e-01 5.1648461103e-01 1.9664463727e+00 4.9819221610e-01 1.6995763460e+00 4540 4555
1 0.5 1.12 1.1705137300e+00 7.8034248667e-01 1.1290955852e+00 5.1648461103e-01 1.5799465000e+00 4.9819221610e-01 2.1861166065e+00 4539 4555
1 0.5 1.12 1.6018607488e+00 1.0679071658e+00 1.5447803526e+00 5.1648461103e-01 1.3502246672e+00 4.9819221610e-01 2.9909513654e+00 4539 4555
1 0.5 1.12 2.1921638274e+00 1.4614425516e+00 2.2265574577e+00 5.1648461103e-01 1.2156283961e+00 4.9819221610e-01 4.3109850907e+00 4539 4555
1 0.5 1.12 3.0000000000e+00 2.0000000000e+00 3.3368955910e+00 5.1648461103e-01 1.1379866738e+00 4.9819221610e-01 6.4607841546e+00 4539 4555
1 0.5 1.12 4.3843276549e+00 2.9228851032e+00 5.6338446174e+00 5.1648461103e-01 1.0874938280e+00 4.9819221610e-01 1.0908059015e+01 4539 4555
1 0.5 1.12 6.4074429951e+00 4.2716286634e+00 9.7255414814e+00 5.1648461103e-01 1.0625835890e+00 4.9819221610e-01 1.8830263814e+01 4539 4555
1 0.5 1.12 9.3641098401e+00 6.2427398934e+00 1.6987225123e+01 5.1648461103e-01 1.0505074428e+00 4.9819221610e-01 3.2890089580e+01 4539 4555
1 0.5 1.12 1.3685108578e+01 9.1234057189e+00 2.9846554160e+01 5.1648461103e-01 1.0447160512e+00 4.9819221610e-01 5.7787886652e+01 4539 4555
1 0.5 1.12 2.0000000000e+01 1.3333333333e+01 5.2589847952e+01 5.1648461103e-01 1.0419175708e+00 4.9819221610e-01 1.0182268131e+02 4539 4555
1 0.5 1.12 3.9487009717e+01 2.6324673144e+01 1.4560625581e+02 5.1648461103e-01 1.0398605557e+00 4.9819221610e-01 2.8191789784e+02 4539 4555
1 0.5 1.12 7.7961196818e+01 5.1974131212e+01 4.0352785508e+02 5.1648461103e-01 1.0388006506e+00 4.9819221610e-01 7.8129695728e+02 4539 4555
1 0.5 1.12 1.5392272681e+02 1.0261515121e+02 1.1179227516e+03 5.1648461103e-01 1.0373710225e+00 4.9819221610e-01 2.1644841448e+03 4539 4555
1 0.5 1.12 3.0389741047e+02 2.0259827364e+02 3.0934183943e+03 5.1648461103e-01 1.0347241961e+00 4.9819221610e-01 5.9893718578e+03 4539 4555
1 0.5 1.12 6.0000000000e+02 4.0000000000e+02 8.5445965231e+03 5.1648461103e-01 1.0302464455e+00 4.9819221610e-01 1.6543758208e+04 4539 4555
1 0.5 1.309 5.0100000000e-01 3.3400000000e-01 9.2826965168e-01 7.3573655505e-01 3.5317632203e+00 5.4033047422e-01 1.2616875501e+00 4970 4984
1 0.5 1.309 5.1708037277e-01 3.4472024851e-01 9.3920233261e-01 7.3573655505e-01 3.4079726353e+00 5.4033047422e-01 1.2765470550e+00 4970 4984
1 0.5 1.309 5.3367687006e-01 3.5578458004e-01 9.5073336569e-01 7.3573655505e-01 3.2901460817e+00 5.4033047422e-01 1.2922198295e+00 4970 4984
1 0.5 1.309 5.5080605770e-01 3.6720403847e-01 9.6289411819e-01 7.3573655505e-01 3.1780043560e+00 5.4033047422e-01 1.3087485073e+00 4970 4984
1 0.5 1.309 5.6848503321e-01 3.7899002214e-01 9.7571752446e-01 7.3573655505e-01 3.0712811093e+00 5.4033047422e-01 1.3261778523e+00 4969 4984
1 0.5 1.309 5.8673144288e-01 3.9115429525e-01 9.8923817201e-01 7.3573655505e-01 2.9697222887e+00 5.4033047422e-01 1.3445548753e+00 4969 4984
1 0.5 1.309 6.0556349939e-01 4.0370899960e-01 1.0034923744e+00 7.3573655505e-01 2.8730855494e+00 5.4033047422e-01 1.3639289328e+00 4969 4984
1 0.5 1.309 6.2500000000e-01 4.1666666667e-01 1.0185182544e+00 7.3573655505e-01 2.7811397173e+00 5.4033047422e-01 1.3843518410e+00 4969 4984
1 0.5 1.309 8.5531928615e-01 5.7021285743e-01 1.2192839405e+00 7.3573655505e-01 2.0796319098e+00 5.4033047422e-01 1.6572289798e+00 4969 4984
1 0.5 1.309 1.1705137300e+00 7.8034248667e-01 1.5541571210e+00 7.3573655505e-01 1.6557858635e+00 5.4033047422e-01 2.1123826325e+00 4968 4984
1 0.5 1.309 1.6018607488e+00 1.0679071658e+00 2.1075078319e+00 7.3573655505e-01 1.4025103464e+00 5.4033047422e-01 2.8644870470e+00 4968 4984
1 0.5 1.309 2.1921638274e+00 1.4614425516e+00 3.0145461246e+00 7.3573655505e-01 1.2531020446e+00 5.4033047422e-01 4.0973173128e+00 4968 4984
1 0.5 1.309 3.0000000000e+00 2.0000000000e+00 4.4915107795e+00 7.3573655505e-01 1.1662309975e+00 5.4033047422e-01 6.1047813225e+00 4968 4984
1 0.5 1.309 4.3843276549e+00 2.9228851032e+00 7.5474210488e+00 7.3573655505e-01 1.1092210189e+00 5.4033047422e-01 1.0258320043e+01 4968 4984
1 0.5 1.309 6.4074429951e+00 4.2716286634e+00 1.2992823309e+01 7.3573655505e-01 1.0808126572e+00 5.4033047422e-01 1.7659613648e+01 4968 4984
1 0.5 1.309 9.3641098401e+00 6.2427398934e+00 2.2660118645e+01 7.3573655505e-01 1.0669312772e+00 5.4033047422e-01 3.0799229003e+01 4968 4984
1 0.5 1.309 1.3685108578e+01 9.1234057189e+00 3.9782914826e+01 7.3573655505e-01 1.0602254988e+00 5.4033047422e-01 5.4072228100e+01 4968 4984
1 0.5 1.309 2.0000000000e+01 1.3333333333e+01 7.0070299496e+01 7.3573655505e-01 1.0569708167e+00 5.4033047422e-01 9.5238301013e+01 4968 4984
1 0.5 1.309 3.9487009717e+01 2.6324673144e+01 1.9394591276e+02 7.3573655505e-01 1.0545648167e+00 5.4033047422e-01 2.6360782461e+02 4968 4984
1 0.5 1.309 7.7961196818e+01 5.1974131212e+01 5.3738536658e+02 7.3573655505e-01 1.0532757999e+00 5.4033047422e-01 7.3040460324e+02 4968 4984
1 0.5 1.309 1.5392272681e+02 1.0261515121e+02 1.4882542997e+03 7.3573655505e-01 1.0514703710e+00 5.4033047422e-01 2.0228086935e+03 4968 4984
1 0.5 1.309 3.0389741047e+02 2.0259827364e+02 4.1153546506e+03 7.3573655505e-01 1.0480711938e+00 5.4033047422e-01 5.5935166228e+03 4969 4984
1 0.5 1.309 6.0000000000e+02 4.0000000000e+02 1.1352955261e+04 7.3573655505e-01 1.0422119945e+00 5.4033047422e-01 1.5430734252e+04 4969 4984
1 0.5 1.48 5.0100000000e-01 3.3400000000e-01 1.2260798208e+00 9.8415517497e-01 3.8022565131e+00 5.8912295938e-01 1.2458196146e+00 5434 5448
1 0.5 1.48 5.1708037277e-01 3.4472024851e-01 1.2397640626e+00 9.8415517497e-01 3.6667493182e+00 5.8912295938e-01 1.2597241716e+00 5434 5448
1 0.5 1.48 5.3367687006e-01 3.5578458004e-01 1.2541940098e+00 9.8415517497e-01 3.5377440394e+00 5.8912295938e-01 1.2743864400e+00 5434 5448
1 0.5 1.48 5.5080605770e-01 3.6720403847e-01 1.2694085955e+00 9.8415517497e-01 3.4149364756e+00 5.8912295938e-01 1.2898459793e+00 5434 5448
1 0.5 1.48 5.6848503321e-01 3.7899002214e-01 1.2854486979e+00 9.8415517497e-01 3.2980364587e+00 5.8912295938e-01 1.3061443262e+00 5434 5448
1 0.5 1.48 5.8673144288e-01 3.9115429525e-01 1.3023572349e+00 9.8415517497e-01 3.1867672079e+00 5.8912295938e-01 1.3233250894e+00 5434 5448
1 0.5 1.48 6.0556349939e-01 4.0370899960e-01 1.3201792623e+00 9.8415517497e-01 3.0808647135e+00 5.8912295938e-01 1.3414340501e+00 5434 5448
1 0.5 1.48 6.2500000000e-01 4.1666666667e-01 1.3389620880e+00 9.8415517497e-01 2.9800771735e+00 5.8912295938e-01 1.3605192779e+00 5434 5448
1 0.5 1.48 8.5531928615e-01 5.7021285743e-01 1.5896241970e+00 9.8415517497e-01 2.2099442822e+00 5.8912295938e-01 1.6152170282e+00 5433 5448
1 0.5 1.48 1.1705137300e+00 7.8034248667e-01 2.0069846405e+00 9.8415517497e-01 1.7428440856e+00 5.8912295938e-01 2.0392969438e+00 5433 5448
1 0.5 1.48 1.6018607488e+00 1.0679071658e+00 2.6957318976e+00 9.8415517497e-01 1.4622405200e+00 5.8912295938e-01 2.7391329804e+00 5433 5448
1 0.5 1.48 2.1921638274e+00 1.4614425516e+00 3.8237885005e+00 9.8415517497e-01 1.2955781306e+00 5.8912295938e-01 3.8853512106e+00 5433 5448
1 0.5 1.48 3.0000000000e+00 2.0000000000e+00 5.6600024841e+00 9.8415517497e-01 1.1978818821e+00 5.8912295938e-01 5.7511281026e+00 5433 5448
1 0.5 1.48 4.3843276549e+00 2.9228851032e+00 9.4593079022e+00 9.8415517497e-01 1.1331414188e+00 5.8912295938e-01 9.6116020550e+00 5433 5448
1 0.5 1.48 6.4074429951e+00 4.2716286634e+00 1.6231097218e+01 9.8415517497e-01 1.1005252441e+00 5.8912295938e-01 1.6492416675e+01 5433 5448
1 0.5 1.48 9.3641098401e+00 6.2427398934e+00 2.8256883130e+01 9.8415517497e-01 1.0844355920e+00 5.8912295938e-01 2.8711816844e+01 5433 5448
1 0.5 1.48 1.3685108578e+01 9.1234057189e+00 4.9562059257e+01 9.8415517497e-01 1.0766045922e+00 5.8912295938e-01 5.0360004720e+01 5433 5448
1 0.5 1.48 2.0000000000e+01 1.3333333333e+01 8.7253885217e+01 9.8415517497e-01 1.0728006730e+00 5.8912295938e-01 8.8658666272e+01 5433 5448
1 0.5 1.48 3.9487009717e+01 2.6324673144e+01 2.4142241558e+02 9.8415517497e-01 1.0699795509e+00 5.8912295938e-01 2.4530929850e+02 5433 5448
1 0.5 1.48 7.7961196818e+01 5.1974131212e+01 6.6881054522e+02 9.8415517497e-01 1.0684756329e+00 5.8912295938e-01 6.7957834519e+02 5433 5448
1 0.5 1.48 1.5392272681e+02 1.0261515121e+02 1.8517524762e+03 9.8415517497e-01 1.0663703665e+00 5.8912295938e-01 1.8815655532e+03 5433 5448
1 0.5 1.48 3.0389741047e+02 2.0259827364e+02 5.1177398406e+03 9.8415517497e-01 1.0623483856e+00 5.8912295938e-01 5.2001350709e+03 5433 5448
1 0.5 1.48 6.0000000000e+02 4.0000000000e+02 1.4103024485e+04 9.8415517497e-01 1.0552725490e+00 5.8912295938e-01 1.4330082129e+04 5433 5448
1 0.5 1.65 5.0100000000e-01 3.3400000000e-01 1.5850054048e+00 1.2897812800e+00 4.1419424406e+00 6.5059254323e-01 1.2288947199e+00 5991 6005
1 0.5 1.65 5.1708037277e-01 3.4472024851e-01 1.6016325397e+00 1.2897812800e+00 3.9916798748e+00 6.5059254323e-01 1.2417861575e+00 5991 6005
1 0.5 1.65 5.3367687006e-01 3.5578458004e-01 1.6191612373e+00 1.2897812800e+00 3.8485969209e+00 6.5059254323e-01 1.2553765995e+00 5991 6005
1 0.5 1.65 5.5080605770e-01 3.6720403847e-01 1.6376383298e+00 1.2897812800e+00 3.7123578530e+00 6.5059254323e-01 1.2697023559e+00 5991 6005
1 0.5 1.65 5.6848503321e-01 3.7899002214e-01 1.6571129865e+00 1.2897812800e+00 3.5826424588e+00 6.5059254323e-01 1.2848015491e+00 5991 6005
1 0.5 1.65 5.8673144288e-01 3.9115429525e-01 1.6776368128e+00 1.2897812800e+00 3.4591452945e+00 6.5059254323e-01 1.3007141899e+00 5991 6005
1 0.5 1.65 6.0556349939e-01 4.0370899960e-01 1.6992639800e+00 1.2897812800e+00 3.3415750320e+00 6.5059254323e-01 1.3174822789e+00 5991 6005
1 0.5 1.65 6.2500000000e-01 4.1666666667e-01 1.7220513471e+00 1.2897812800e+00 3.2296538034e+00 6.5059254323e-01 1.3351499001e+00 5991 6005
1 0.5 1.65 8.5531928615e-01 5.7021285743e-01 2.0257226813e+00 1.2897812800e+00 2.3731079496e+00 6.5059254323e-01 1.5705939547e+00 5990 6005
1 0.5 1.65 1.1705137300e+00 7.8034248667e-01 2.5302521015e+00 1.2897812800e+00 1.8515222118e+00 6.5059254323e-01 1.9617683562e+00 5990 6005
1 0.5 1.65 1.6018607488e+00 1.0679071658e+00 3.3614220282e+00 1.2897812800e+00 1.5364406991e+00 6.5059254323e-01 2.6061953917e+00 5990 6005
1 0.5 1.65 2.1921638274e+00 1.4614425516e+00 4.7211443436e+00 1.2897812800e+00 1.3479310218e+00 6.5059254323e-01 3.6604224428e+00 5990 6005
1 0.5 1.65 3.0000000000e+00 2.0000000000e+00 6.9330550953e+00 1.2897812800e+00 1.2364389282e+00 6.5059254323e-01 5.3753727107e+00 5990 6005
1 0.5 1.65 4.3843276549e+00 2.9228851032e+00 1.1508853329e+01 1.2897812800e+00 1.1617360110e+00 6.5059254323e-01 8.9231046442e+00 5990 6005
1 0.5 1.65 6.4074429951e+00 4.2716286634e+00 1.9665978155e+01 1.2897812800e+00 1.1236170649e+00 6.5059254323e-01 1.5247529531e+01 5990 6005
1 0.5 1.65 9.3641098401e+00 6.2427398934e+00 3.4156113364e+01 1.2897812800e+00 1.1045836182e+00 6.5059254323e-01 2.6482097309e+01 5990 6005
1 0.5 1.65 1.3685108578e+01 9.1234057189e+00 5.9834756545e+01 1.2897812800e+00 1.0952444415e+00 6.5059254323e-01 4.6391397885e+01 5990 6005
1 0.5 1.65 2.0000000000e+01 1.3333333333e+01 1.0527223772e+02 1.2897812800e+00 1.0906835468e+00 6.5059254323e-01 8.1620224568e+01 5990 6005
1 0.5 1.65 3.9487009717e+01 2.6324673144e+01 2.9114498207e+02 1.2897812800e+00 1.0873211608e+00 6.5059254323e-01 2.2573205751e+02 5990 6005
1 0.5 1.65 7.7961196818e+01 5.1974131212e+01 8.0641517055e+02 1.2897812800e+00 1.0856025220e+00 6.5059254323e-01 6.2523404786e+02 5990 6005
1 0.5 1.65 1.5392272681e+02 1.0261515121e+02 2.2323227508e+03 1.2897812800e+00 1.0832601407e+00 6.5059254323e-01 1.7307762063e+03 5990 6005
1 0.5 1.65 3.0389741047e+02 2.0259827364e+02 6.1670852070e+03 1.2897812800e+00 1.0787463775e+00 6.5059254323e-01 4.7814969117e+03 5990 6005
1 0.5 1.65 6.0000000000e+02 4.0000000000e+02 1.6979610689e+04 1.2897812800e+00 1.0706086637e+00 6.5059254323e-01 1.3164720990e+04 5990 6005
1 0.5 1.833 5.0100000000e-01 3.3400000000e-01 2.0593188704e+00 1.7024415957e+00 4.6117845199e+00 7.3593139451e-01 1.2096267359e+00 6734 6748
1 0.5 1.833 5.1708037277e-01 3.4472024851e-01 2.0793151304e+00 1.7024415957e+00 4.4410455832e+00 7.3593139451e-01 1.2213723723e+00 6734 6748
1 0.5 1.833 5.3367687006e-01 3.5578458004e-01 2.1003889523e+00 1.7024415957e+00 4.2784272462e+00 7.3593139451e-01 1.2337509595e+00 6734 6748
1 0.5 1.833 5.5080605770e-01 3.6720403847e-01 2.1225959374e+00 1.7024415957e+00 4.1235499876e+00 7.3593139451e-01 1.2467951575e+00 6734 6748
1 0.5 1.833 5.6848503321e-01 3.7899002214e-01 2.1459944411e+00 1.7024415957e+00 3.9760518261e+00 7.3593139451e-01 1.2605392435e+00 6734 6748
1 0.5 1.833 5.8673144288e-01 3.9115429525e-01 2.1706457052e+00 1.7024415957e+00 3.8355875140e+00 7.3593139451e-01 1.2750191905e+00 6734 6748
1 0.5 1.833 6.0556349939e-01 4.0370899960e-01 2.1966139976e+00 1.7024415957e+00 3.7018277665e+00 7.3593139451e-01 1.2902727490e+00 6734 6748
1 0.5 1.833 6.2500000000e-01 4.1666666667e-01 2.2239667561e+00 1.7024415957e+00 3.5744585227e+00 7.3593139451e-01 1.3063395312e+00 6734 6748
1 0.5 1.833 8.5531928615e-01 5.7021285743e-01 2.5878177126e+00 1.7024415957e+00 2.5980247303e+00 7.3593139451e-01 1.5200625497e+00 6733 6748
1 0.5 1.833 1.1705137300e+00 7.8034248667e-01 3.1906124024e+00 1.7024415957e+00 2.0008350077e+00 7.3593139451e-01 1.8741391249e+00 6733 6748
1 0.5 1.833 1.6018607488e+00 1.0679071658e+00 4.1812878425e+00 1.7024415957e+00 1.6378530089e+00 7.3593139451e-01 2.4560536191e+00 6733 6748
1 0.5 1.833 2.1921638274e+00 1.4614425516e+00 5.7990382182e+00 1.7024415957e+00 1.4188891147e+00 7.3593139451e-01 3.4063067026e+00 6733 6748
1 0.5 1.833 3.0000000000e+00 2.0000000000e+00 8.4277420528e+00 1.7024415957e+00 1.2880459296e+00 7.3593139451e-01 4.9503854194e+00 6733 6748
1 0.5 1.833 4.3843276549e+00 2.9228851032e+00 1.3862431087e+01 1.7024415957e+00 1.1991869472e+00 7.3593139451e-01 8.1426764492e+00 6734 6748
1 0.5 1.833 6.4074429951e+00 4.2716286634e+00 2.3550315283e+01 1.7024415957e+00 1.1531122767e+00 7.3593139451e-01 1.3833258857e+01 6734 6748
1 0.5 1.833 9.3641098401e+00 6.2427398934e+00 4.0764094079e+01 1.7024415957e+00 1.1297439991e+00 7.3593139451e-01 2.3944489010e+01 6734 6748
1 0.5 1.833 1.3685108578e+01 9.1234057189e+00 7.1278891093e+01 1.7024415957e+00 1.1181255210e+00 7.3593139451e-01 4.1868626373e+01 6734 6748
1 0.5 1.833 2.0000000000e+01 1.3333333333e+01 1.2528706461e+02 1.7024415957e+00 1.1124057819e+00 7.3593139451e-01 7.3592577231e+01 6734 6748
1 0.5 1.833 3.9487009717e+01 2.6324673144e+01 3.4626670150e+02 1.7024415957e+00 1.1082337115e+00 7.3593139451e-01 2.0339417362e+02 6734 6748
1 0.5 1.833 7.7961196818e+01 5.1974131212e+01 9.5890965537e+02 1.7024415957e+00 1.1062720553e+00 7.3593139451e-01 5.6325553709e+02 6734 6748
1 0.5 1.833 1.5392272681e+02 1.0261515121e+02 2.6541794941e+03 1.7024415957e+00 1.1037689267e+00 7.3593139451e-01 1.5590429068e+03 6734 6748
1 0.5 1.833 3.0389741047e+02 2.0259827364e+02 7.3308825570e+03 1.7024415957e+00 1.0989242567e+00 7.3593139451e-01 4.3060992961e+03 6734 6748
1 0.5 1.833 6.0000000000e+02 4.0000000000e+02 2.0170894158e+04 1.7024415957e+00 1.0899341792e+00 7.3593139451e-01 1.1848215063e+04 6734 6748
1 0.5 2 5.0100000000e-01 3.3400000000e-01 2.5957160950e+00 2.1789172938e+00 5.1688307851e+00 8.3752074036e-01 1.1912871142e+00 7594 7608
1 0.5 2 5.1708037277e-01 3.4472024851e-01 2.6189507527e+00 2.1789172938e+00 4.9737272486e+00 8.3752074036e-01 1.2019505101e+00 7594 7608
1 0.5 2 5.3367687006e-01 3.5578458004e-01 2.6434295006e+00 2.1789172938e+00 4.7878647638e+00 8.3752074036e-01 1.2131848731e+00 7594 7608
1 0.5 2 5.5080605770e-01 3.6720403847e-01 2.6692160519e+00 2.1789172938e+00 4.6108116253e+00 8.3752074036e-01 1.2250194441e+00 7594 7608
1 0.5 2 5.6848503321e-01 3.7899002214e-01 2.6963772602e+00 2.1789172938e+00 4.4421561058e+00 8.3752074036e-01 1.2374849050e+00 7594 7608
1 0.5 2 5.8673144288e-01 3.9115429525e-01 2.7249832803e+00 2.1789172938e+00 4.2815055510e+00 8.3752074036e-01 1.2506134529e+00 7594 7608
1 0.5 2 6.0556349939e-01 4.0370899960e-01 2.7551076985e+00 2.1789172938e+00 4.1284854540e+00 8.3752074036e-01 1.2644388598e+00 7594 7608
1 0.5 2 6.2500000000e-01 4.1666666667e-01 2.7868277111e+00 2.1789172938e+00 3.9827386420e+00 8.3752074036e-01 1.2789965544e+00 7594 7608
1 0.5 2 8.5531928615e-01 5.7021285743e-01 3.2079601105e+00 2.1789172938e+00 2.8637049857e+00 8.3752074036e-01 1.4722725455e+00 7593 7608
1 0.5 2 1.1705137300e+00 7.8034248667e-01 3.9034760490e+00 2.1789172938e+00 2.1765991938e+00 8.3752074036e-01 1.7914750873e+00 7593 7608
1 0.5 2 1.6018607488e+00 1.0679071658e+00 5.0433467182e+00 2.1789172938e+00 1.7566021085e+00 8.3752074036e-01 2.3146113589e+00 7593 7608
1 0.5 2 2.1921638274e+00 1.4614425516e+00 6.9005822224e+00 2.1789172938e+00 1.5013015659e+00 8.3752074036e-01 3.1669775820e+00 7593 7608
1 0.5 2 3.0000000000e+00 2.0000000000e+00 9.9135167348e+00 2.1789172938e+00 1.3472170653e+00 8.3752074036e-01 4.5497443905e+00 7594 7608
1 0.5 2 4.3843276549e+00 2.9228851032e+00 1.6136219392e+01 2.1789172938e+00 1.2411920898e+00 8.3752074036e-01 7.4056135304e+00 7594 7608
1 0.5 2 6.4074429951e+00 4.2716286634e+00 2.7224100148e+01 2.1789172938e+00 1.1852722605e+00 8.3752074036e-01 1.2494324693e+01 7594 7608
1 0.5 2 9.3641098401e+00 6.2427398934e+00 4.6926590175e+01 2.1789172938e+00 1.1564076680e+00 8.3752074036e-01 2.1536655067e+01 7594 7608
1 0.5 2 1.3685108578e+01 9.1234057189e+00 8.1861998686e+01 2.1789172938e+00 1.1418306226e+00 8.3752074036e-01 3.7570034861e+01 7594 7608
1 0.5 2 2.0000000000e+01 1.3333333333e+01 1.4371008224e+02 2.1789172938e+00 1.1345769544e+00 8.3752074036e-01 6.5954812812e+01 7594 7608
1 0.5 2 3.9487009717e+01 2.6324673144e+01 3.9683485106e+02 2.1789172938e+00 1.1293281394e+00 8.3752074036e-01 1.8212478839e+02 7594 7608
1 0.5 2 7.7961196818e+01 5.1974131212e+01 1.0987099562e+03 2.1789172938e+00 1.1270859270e+00 8.3752074036e-01 5.0424582860e+02 7594 7608
1 0.5 2 1.5392272681e+02 1.0261515121e+02 3.0410824207e+03 2.1789172938e+00 1.1245163686e+00 8.3752074036e-01 1.3956851090e+03 7594 7608
1 0.5 2 3.0389741047e+02 2.0259827364e+02 8.3994844584e+03 2.1789172938e+00 1.1195766834e+00 8.3752074036e-01 3.8548890692e+03 7594 7608
1 0.5 2 6.0000000000e+02 4.0000000000e+02 2.3105672499e+04 2.1789172938e+00 1.1101545704e+00 8.3752074036e-01 1.0604198959e+04 7594 7608
1 0.5 2.18 5.0100000000e-01 3.3400000000e-01 3.3254820283e+00 2.8401329840e+00 5.9646669575e+00 9.8330890021e-01 1.1708895488e+00 8806 8820
1 0.5 2.18 5.1708037277e-01 3.4472024851e-01 3.3523797523e+00 2.8401329840e+00 5.7346156057e+00 9.8330890021e-01 1.1803601349e+00 8806 8820
1 0.5 2.18 5.3367687006e-01 3.5578458004e-01 3.3807015990e+00 2.8401329840e+00 5.5154055433e+00 9.8330890021e-01 1.1903321492e+00 8806 8820
1 0.5 2.18 5.5080605770e-01 3.6720403847e-01 3.4105327882e+00 2.8401329840e+00 5.3065510959e+00 9.8330890021e-01 1.2008355973e+00 8806 8820
1 0.5 2.18 5.6848503321e-01 3.7899002214e-01 3.4419318072e+00 2.8401329840e+00 5.1075413565e+00 9.8330890021e-01 1.2118910722e+00 8806 8820
1 0.5 2.18 5.8673144288e-01 3.9115429525e-01 3.4750006105e+00 2.8401329840e+00 4.9179490416e+00 9.8330890021e-01 1.2235344718e+00 8806 8820
1 0.5 2.18 6.0556349939e-01 4.0370899960e-01 3.5097967088e+00 2.8401329840e+00 4.7372969705e+00 9.8330890021e-01 1.2357860454e+00 8806 8820
1 0.5 2.18 6.2500000000e-01 4.1666666667e-01 3.5464373568e+00 2.8401329840e+00 4.5652067434e+00 9.8330890021e-01 1.2486870779e+00 8806 8820
1 0.5 2.18 8.5531928615e-01 5.7021285743e-01 4.0316385364e+00 2.8401329840e+00 3.2417339823e+00 9.8330890021e-01 1.4195245642e+00 8806 8820
1 0.5 2.18 1.1705137300e+00 7.8034248667e-01 4.8297673831e+00 2.8401329840e+00 2.4257700457e+00 9.8330890021e-01 1.7005426895e+00 8806 8820
1 0.5 2.18 1.6018607488e+00 1.0679071658e+00 6.1329098223e+00 2.8401329840e+00 1.9240556202e+00 9.8330890021e-01 2.1593741761e+00 8806 8820
1 0.5 2.18 2.1921638274e+00 1.4614425516e+00 8.2492339475e+00 2.8401329840e+00 1.6165617276e+00 9.8330890021e-01 2.9045238353e+00 8806 8820
1 0.5 2.18 3.0000000000e+00 2.0000000000e+00 1.1673821991e+01 2.8401329840e+00 1.4289576825e+00 9.8330890021e-01 4.1103082343e+00 8806 8820
1 0.5 2.18 4.3843276549e+00 2.9228851032e+00 1.8733085171e+01 2.8401329840e+00 1.2979052418e+00 9.8330890021e-01 6.5958478973e+00 8806 8820
1 0.5 2.18 6.4074429951e+00 4.2716286634e+00 3.1298101738e+01 2.8401329840e+00 1.2273800344e+00 9.8330890021e-01 1.1019942346e+01 8806 8820
1 0.5 2.18 9.3641098401e+00 6.2427398934e+00 5.3618026920e+01 2.8401329840e+00 1.1901433180e+00 9.8330890021e-01 1.8878702942e+01 8806 8820
1 0.5 2.18 1.3685108578e+01 9.1234057189e+00 9.3198529785e+01 2.8401329840e+00 1.1709136620e+00 9.8330890021e-01 3.2814847160e+01 8806 8820
1 0.5 2.18 2.0000000000e+01 1.3333333333e+01 1.6328819174e+02 2.8401329840e+00 1.1611757817e+00 9.8330890021e-01 5.7493150026e+01 8806 8820
1 0.5 2.18 3.9487009717e+01 2.6324673144e+01 4.5024482797e+02 2.8401329840e+00 1.1541321682e+00 9.8330890021e-01 1.5852948806e+02 8806 8820
1 0.5 2.18 7.7961196818e+01 5.1974131212e+01 1.2461584448e+03 2.8401329840e+00 1.1514463348e+00 9.8330890021e-01 4.3876763934e+02 8806 8820
1 0.5 2.18 1.5392272681e+02 1.0261515121e+02 3.4492947421e+03 2.8401329840e+00 1.1488527464e+00 9.8330890021e-01 1.2144835335e+03 8806 8820
1 0.5 2.18 3.0389741047e+02 2.0259827364e+02 9.5287222003e+03 2.8401329840e+00 1.1440166618e+00 9.8330890021e-01 3.3550267730e+03 8806 8820
1 0.5 2.18 6.0000000000e+02 4.0000000000e+02 2.6215542296e+04 2.8401329840e+00 1.1345408916e+00 9.8330890021e-01 9.2303925356e+03 8806 8820
1 0.5 2.356 5.0100000000e-01 3.3400000000e-01 4.2590445508e+00 3.7021170736e+00 7.0360659000e+00 1.1805586406e+00 1.1504348637e+00 10436 10449
1 0.5 2.356 5.1708037277e-01 3.4472024851e-01 4.2897327068e+00 3.7021170736e+00 6.7587667143e+00 1.1805586406e+00 1.1587242168e+00 10435 10449
1 0.5 2.356 5.3367687006e-01 3.5578458004e-01 4.3220238227e+00 3.7021170736e+00 6.4944726135e+00 1.1805586406e+00 1.1674465547e+00 10435 10449
1 0.5 2.356 5.5080605770e-01 3.6720403847e-01 4.3560021539e+00 3.7021170736e+00 6.2425830412e+00 1.1805586406e+00 1.1766246359e+00 10435 10449
1 0.5 2.356 5.6848503321e-01 3.7899002214e-01 4.3917774421e+00 3.7021170736e+00 6.0025539901e+00 1.1805586406e+00 1.1862881035e+00 10435 10449
1 0.5 2.356 5.8673144288e-01 3.9115429525e-01 4.4294364583e+00 3.7021170736e+00 5.7738265909e+00 1.1805586406e+00 1.1964603956e+00 10435 10449
1 0.5 2.356 6.0556349939e-01 4.0370899960e-01 4.4690485557e+00 3.7021170736e+00 5.5558414370e+00 1.1805586406e+00 1.2071602456e+00 10435 10449
1 0.5 2.356 6.2500000000e-01 4.1666666667e-01 4.5107118346e+00 3.7021170736e+00 5.3480980577e+00 1.1805586406e+00 1.2184141519e+00 10435 10449
1 0.5 2.356 8.5531928615e-01 5.7021285743e-01 5.0612230703e+00 3.7021170736e+00 3.7483262646e+00 1.1805586406e+00 1.3671158879e+00 10435 10449
1 0.5 2.356 1.1705137300e+00 7.8034248667e-01 5.9626046201e+00 3.7021170736e+00 2.7583257141e+00 1.1805586406e+00 1.6105932097e+00 10435 10449
1 0.5 2.356 1.6018607488e+00 1.0679071658e+00 7.4276284201e+00 3.7021170736e+00 2.1462847209e+00 1.1805586406e+00 2.0063191608e+00 10435 10449
1 0.5 2.356 2.1921638274e+00 1.4614425516e+00 9.7968934516e+00 3.7021170736e+00 1.7682887268e+00 1.1805586406e+00 2.6462948785e+00 10435 10449
1 0.5 2.356 3.0000000000e+00 2.0000000000e+00 1.3617091953e+01 3.7021170736e+00 1.5352418210e+00 1.1805586406e+00 3.6781905278e+00 10435 10449
1 0.5 2.356 4.3843276549e+00 2.9228851032e+00 2.1468259888e+01 3.7021170736e+00 1.3699876243e+00 1.1805586406e+00 5.7989143674e+00 10435 10449
1 0.5 2.356 6.4074429951e+00 4.2716286634e+00 3.5413975119e+01 3.7021170736e+00 1.2791511201e+00 1.1805586406e+00 9.5658712068e+00 10435 10449
1 0.5 2.356 9.3641098401e+00 6.2427398934e+00 6.0161596603e+01 3.7021170736e+00 1.2299682721e+00 1.1805586406e+00 1.6250592676e+01 10435 10449
1 0.5 2.356 1.3685108578e+01 9.1234057189e+00 1.0403428162e+02 3.7021170736e+00 1.2038667112e+00 1.1805586406e+00 2.8101294355e+01 10435 10449
1 0.5 2.356 2.0000000000e+01 1.3333333333e+01 1.8173212643e+02 3.7021170736e+00 1.1903125677e+00 1.1805586406e+00 4.9088703253e+01 10435 10449
1 0.5 2.356 3.9487009717e+01 2.6324673144e+01 4.9994683543e+02 3.7021170736e+00 1.1803661815e+00 1.1805586406e+00 1.3504349687e+02 10435 10449
1 0.5 2.356 7.7961196818e+01 5.1974131212e+01 1.3828889996e+03 3.7021170736e+00 1.1769116989e+00 1.1805586406e+00 3.7354005076e+02 10435 10449
1 0.5 2.356 1.5392272681e+02 1.0261515121e+02 3.8277866780e+03 3.7021170736e+00 1.1742698442e+00 1.1805586406e+00 1.0339453350e+03 10435 10449
1 0.5 2.356 3.0389741047e+02 2.0259827364e+02 1.0577608278e+04 3.7021170736e+00 1.1696913676e+00 1.1805586406e+00 2.8571782220e+03 10435 10449
1 0.5 2.356 6.0000000000e+02 4.0000000000e+02 2.9114944776e+04 3.7021170736e+00 1.1605487800e+00 1.1805586406e+00 7.8644041225e+03 10435 10449
1 0.5 2.52 5.0100000000e-01 3.3400000000e-01 5.4330916017e+00 4.8040563624e+00 8.4509225936e+00 1.4423972667e+00 1.1309383554e+00 12610 12623
1 0.5 2.52 5.1708037277e-01 3.4472024851e-01 5.4675333150e+00 4.8040563624e+00 8.1108812582e+00 1.4423972667e+00 1.1381076537e+00 12610 12623
1 0.5 2.52 5.3367687006e-01 3.5578458004e-01 5.5037912253e+00 4.8040563624e+00 7.7867828903e+00 1.4423972667e+00 1.1456550070e+00 12610 12623
1 0.5 2.52 5.5080605770e-01 3.6720403847e-01 5.5419184683e+00 4.8040563624e+00 7.4778328912e+00 1.4423972667e+00 1.1535914757e+00 12610 12623
1 0.5 2.52 5.6848503321e-01 3.7899002214e-01 5.5820483837e+00 4.8040563624e+00 7.1833781431e+00 1.4423972667e+00 1.1619448155e+00 12609 12623
1 0.5 2.52 5.8673144288e-01 3.9115429525e-01 5.6242442060e+00 4.8040563624e+00 6.9026970140e+00 1.4423972667e+00 1.1707281892e+00 12609 12623
1 0.5 2.52 6.0556349939e-01 4.0370899960e-01 5.6686302514e+00 4.8040563624e+00 6.6351734533e+00 1.4423972667e+00 1.1799674741e+00 12609 12623
1 0.5 2.52 6.2500000000e-01 4.1666666667e-01 5.7153098281e+00 4.8040563624e+00 6.3801874408e+00 1.4423972667e+00 1.1896841746e+00 12609 12623
1 0.5 2.52 8.5531928615e-01 5.7021285743e-01 6.3301766230e+00 4.8040563624e+00 4.4140486537e+00 1.4423972667e+00 1.3176732631e+00 12609 12623
1 0.5 2.52 1.1705137300e+00 7.8034248667e-01 7.3319323648e+00 4.8040563624e+00 3.1935032828e+00 1.4423972667e+00 1.5261961584e+00 12609 12623
1 0.5 2.52 1.6018607488e+00 1.0679071658e+00 8.9516846910e+00 4.8040563624e+00 2.4354618001e+00 1.4423972667e+00 1.8633596311e+00 12609 12623
1 0.5 2.52 2.1921638274e+00 1.4614425516e+00 1.1557974647e+01 4.8040563624e+00 1.9642009281e+00 1.4423972667e+00 2.4058782359e+00 12609 12623
1 0.5 2.52 3.0000000000e+00 2.0000000000e+00 1.5741150736e+01 4.8040563624e+00 1.6709685693e+00 1.4423972667e+00 3.2766373974e+00 12609 12623
1 0.5 2.52 4.3843276549e+00 2.9228851032e+00 2.4302103026e+01 4.8040563624e+00 1.4601687131e+00 1.4423972667e+00 5.0586631782e+00 12609 12623
1 0.5 2.52 6.4074429951e+00 4.2716286634e+00 3.9458874817e+01 4.8040563624e+00 1.3419343063e+00 1.4423972667e+00 8.2136577592e+00 12609 12623
1 0.5 2.52 9.3641098401e+00 6.2427398934e+00 6.6301675443e+01 4.8040563624e+00 1.2762578888e+00 1.4423972667e+00 1.3801186007e+01 12609 12623
1 0.5 2.52 1.3685108578e+01 9.1234057189e+00 1.1384152148e+02 4.8040563624e+00 1.2403435870e+00 1.4423972667e+00 2.3696957923e+01 12609 12623
1 0.5 2.52 2.0000000000e+01 1.3333333333e+01 1.9800745892e+02 4.8040563624e+00 1.2210972192e+00 1.4423972667e+00 4.1216722699e+01 12609 12623
1 0.5 2.52 3.9487009717e+01 2.6324673144e+01 5.4276303095e+02 4.8040563624e+00 1.2065423613e+00 1.4423972667e+00 1.1298015469e+02 12609 12623
1 0.5 2.52 7.7961196818e+01 5.1974131212e+01 1.4997127739e+03 4.8040563624e+00 1.2017220490e+00 1.4423972667e+00 3.1217634866e+02 12609 12623
1 0.5 2.52 1.5392272681e+02 1.0261515121e+02 4.1506532967e+03 4.8040563624e+00 1.1988808438e+00 1.4423972667e+00 8.6398930062e+02 12609 12623
1 0.5 2.52 3.0389741047e+02 2.0259827364e+02 1.1473609091e+04 4.8040563624e+00 1.1946019943e+00 1.4423972667e+00 2.3883169192e+03 12609 12623
1 0.5 2.52 6.0000000000e+02 4.0000000000e+02 3.1601965043e+04 4.8040563624e+00 1.1860442656e+00 1.4423972667e+00 6.5781836554e+03 12609 12623
1 0.5 2.68 5.0100000000e-01 3.3400000000e-01 7.0579134763e+00 6.3506360370e+00 1.0501023402e+01 1.8238630294e+00 1.1113711186e+00 15827 15839
1 0.5 2.68 5.1708037277e-01 3.4472024851e-01 7.0964248167e+00 6.3506360370e+00 1.0069650827e+01 1.8238630294e+00 1.1174352892e+00 15827 15839
1 0.5 2.68 5.3367687006e-01 3.5578458004e-01 7.1369359059e+00 6.3506360370e+00 9.6584205313e+00 1.8238630294e+00 1.1238143493e+00 15827 15839
1 0.5 2.68 5.5080605770e-01 3.6720403847e-01 7.1795291595e+00 6.3506360370e+00 9.2663731934e+00 1.8238630294e+00 1.1305212765e+00 15827 15839
1 0.5 2.68 5.6848503321e-01 3.7899002214e-01 7.2243213378e+00 6.3506360370e+00 8.8926333701e+00 1.8238630294e+00 1.1375744564e+00 15827 15839
1 0.5 2.68 5.8673144288e-01 3.9115429525e-01 7.2714267140e+00 6.3506360370e+00 8.5363550953e+00 1.8238630294e+00 1.1449918830e+00 15827 15839
1 0.5 2.68 6.0556349939e-01 4.0370899960e-01 7.3209237790e+00 6.3506360370e+00 8.1966848118e+00 1.8238630294e+00 1.1527859157e+00 15827 15839
1 0.5 2.68 6.2500000000e-01 4.1666666667e-01 7.3729658435e+00 6.3506360370e+00 7.8728881432e+00 1.8238630294e+00 1.1609806956e+00 15827 15839
1 0.5 2.68 8.5531928615e-01 5.7021285743e-01 8.0564744328e+00 6.3506360370e+00 5.3735899261e+00 1.8238630294e+00 1.2686090631e+00 15826 15839
1 0.5 2.68 1.1705137300e+00 7.8034248667e-01 9.1639080688e+00 6.3506360370e+00 3.8179289355e+00 1.8238630294e+00 1.4429905942e+00 15827 15839
1 0.5 2.68 1.6018607488e+00 1.0679071658e+00 1.0943692845e+01 6.3506360370e+00 2.8479911851e+00 1.8238630294e+00 1.7232435903e+00 15827 15839
1 0.5 2.68 2.1921638274e+00 1.4614425516e+00 1.3789585165e+01 6.3506360370e+00 2.2415765553e+00 1.8238630294e+00 2.1713707232e+00 15827 15839
1 0.5 2.68 3.0000000000e+00 2.0000000000e+00 1.8329926785e+01 6.3506360370e+00 1.8611900981e+00 1.8238630294e+00 2.8863135406e+00 15827 15839
1 0.5 2.68 4.3843276549e+00 2.9228851032e+00 2.7566505594e+01 6.3506360370e+00 1.5843061133e+00 1.8238630294e+00 4.3407471997e+00 15827 15839
1 0.5 2.68 6.4074429951e+00 4.2716286634e+00 4.3836116192e+01 6.3506360370e+00 1.4259911424e+00 1.8238630294e+00 6.9026339938e+00 15827 15839
1 0.5 2.68 9.3641098401e+00 6.2427398934e+00 7.2546748797e+01 6.3506360370e+00 1.3357650941e+00 1.8238630294e+00 1.1423540630e+01 15827 15839
1 0.5 2.68 1.3685108578e+01 9.1234057189e+00 1.2328236658e+02 6.3506360370e+00 1.2848146401e+00 1.8238630294e+00 1.9412601488e+01 15827 15839
1 0.5 2.68 2.0000000000e+01 1.3333333333e+01 2.1300317865e+02 6.3506360370e+00 1.2564724663e+00 1.8238630294e+00 3.3540448139e+01 15827 15839
1 0.5 2.68 3.9487009717e+01 2.6324673144e+01 5.8034190099e+02 6.3506360370e+00 1.2339979642e+00 1.8238630294e+00 9.1383272102e+01 15827 15839
1 0.5 2.68 7.7961196818e+01 5.1974131212e+01 1.6001981993e+03 6.3506360370e+00 1.2265010269e+00 1.8238630294e+00 2.5197447782e+02 15827 15839
1 0.5 2.68 1.5392272681e+02 1.0261515121e+02 4.4267029231e+03 6.3506360370e+00 1.2230328997e+00 1.8238630294e+00 6.9704875185e+02 15827 15839
1 0.5 2.68 3.0389741047e+02 2.0259827364e+02 1.2239818241e+04 6.3506360370e+00 1.2189793671e+00 1.8238630294e+00 1.9273373832e+03 15827 15839
1 0.5 2.68 6.0000000000e+02 4.0000000000e+02 3.3737432493e+04 6.3506360370e+00 1.2111475030e+00 1.8238630294e+00 5.3124493824e+03 15827 15839
1 0.5 2.8 5.0100000000e-01 3.3400000000e-01 8.8405117524e+00 8.0656098794e+00 1.2835768380e+01 2.2604836915e+00 1.0960748021e+00 19572 19584
1 0.5 2.8 5.1708037277e-01 3.4472024851e-01 8.8825302015e+00 8.0656098794e+00 1.2299874144e+01 2.2604836915e+00 1.1012843832e+00 19572 19584
1 0.5 2.8 5.3367687006e-01 3.5578458004e-01 8.9267042370e+00 8.0656098794e+00 1.1788936532e+01 2.2604836915e+00 1.1067612208e+00 19572 19584
1 0.5 2.8 5.5080605770e-01 3.6720403847e-01 8.9731450518e+00 8.0656098794e+00 1.1301801649e+01 2.2604836915e+00 1.1125191010e+00 19572 19584
1 0.5 2.8 5.6848503321e-01 3.7899002214e-01 9.0219709147e+00 8.0656098794e+00 1.0837370586e+01 2.2604836915e+00 1.1185726870e+00 19572 19584
1 0.5 2.8 5.8673144288e-01 3.9115429525e-01 9.0732804359e+00 8.0656098794e+00 1.0394565612e+01 2.2604836915e+00 1.1249342048e+00 19572 19584
1 0.5 2.8 6.0556349939e-01 4.0370899960e-01 9.1271915900e+00 8.0656098794e+00 9.9723769593e+00 2.2604836915e+00 1.1316182814e+00 19572 19584
1 0.5 2.8 6.2500000000e-01 4.1666666667e-01 9.1838440742e+00 8.0656098794e+00 9.5698588050e+00 2.2604836915e+00 1.1386422368e+00 19572 19584
1 0.5 2.8 8.5531928615e-01 5.7021285743e-01 9.9261363735e+00 8.0656098794e+00 6.4608386458e+00 2.2604836915e+00 1.2306740001e+00 19572 19584
1 0.5 2.8 1.1705137300e+00 7.8034248667e-01 1.1123238132e+01 8.0656098794e+00 4.5223848872e+00 2.2604836915e+00 1.3790944886e+00 19572 19584
1 0.5 2.8 1.6018607488e+00 1.0679071658e+00 1.3036837370e+01 8.0656098794e+00 3.3108245197e+00 2.2604836915e+00 1.6163486165e+00 19572 19584
1 0.5 2.8 2.1921638274e+00 1.4614425516e+00 1.6078972363e+01 8.0656098794e+00 2.5506439137e+00 2.2604836915e+00 1.9935222015e+00 19572 19584
1 0.5 2.8 3.0000000000e+00 2.0000000000e+00 2.0903846360e+01 8.0656098794e+00 2.0713113136e+00 2.2604836915e+00 2.5917254458e+00 19572 19584
1 0.5 2.8 4.3843276549e+00 2.9228851032e+00 3.0658689813e+01 8.0656098794e+00 1.7194919296e+00 2.2604836915e+00 3.8011620040e+00 19572 19584
1 0.5 2.8 6.4074429951e+00 4.2716286634e+00 4.7743636696e+01 8.0656098794e+00 1.5156168493e+00 2.2604836915e+00 5.9194081303e+00 19572 19584
1 0.5 2.8 9.3641098401e+00 6.2427398934e+00 7.7761270019e+01 8.0656098794e+00 1.3972195405e+00 2.2604836915e+00 9.6410899091e+00 19572 19584
1 0.5 2.8 1.3685108578e+01 9.1234057189e+00 1.3064506127e+02 8.0656098794e+00 1.3286839237e+00 2.2604836915e+00 1.6197790771e+01 19572 19584
1 0.5 2.8 2.0000000000e+01 1.3333333333e+01 2.2398563064e+02 8.0656098794e+00 1.2893660154e+00 2.2604836915e+00 2.7770451830e+01 19572 19584
1 0.5 2.8 3.9487009717e+01 2.6324673144e+01 6.0564691880e+02 8.0656098794e+00 1.2567219393e+00 2.2604836915e+00 7.5090033842e+01 19572 19584
1 0.5 2.8 7.7961196818e+01 5.1974131212e+01 1.6649493622e+03 8.0656098794e+00 1.2453296769e+00 2.2604836915e+00 2.0642572441e+02 19572 19584
1 0.5 2.8 1.5392272681e+02 1.0261515121e+02 4.6015932377e+03 8.0656098794e+00 1.2406667923e+00 2.2604836915e+00 5.7052018465e+02 19572 19584
1 0.5 2.8 3.0389741047e+02 2.0259827364e+02 1.2723484161e+04 8.0656098794e+00 1.2365640292e+00 2.2604836915e+00 1.5774980877e+03 19572 19584
1 0.5 2.8 6.0000000000e+02 4.0000000000e+02 3.5089773606e+04 8.0656098794e+00 1.2292911225e+00 2.2604836915e+00 4.3505418848e+03 19572 19584
1 0.5 2.88 5.0100000000e-01 3.3400000000e-01 1.0527913262e+01 9.7002152528e+00 1.5101036799e+01 2.6857497222e+00 1.0853277982e+00 23239 23251
1 0.5 2.88 5.1708037277e-01 3.4472024851e-01 1.0572662955e+01 9.7002152528e+00 1.4463332296e+01 2.6857497222e+00 1.0899410662e+00 23239 23251
1 0.5 2.88 5.3367687006e-01 3.5578458004e-01 1.0619703109e+01 9.7002152528e+00 1.3855297684e+01 2.6857497222e+00 1.0947904590e+00 23239 23251
1 0.5 2.88 5.5080605770e-01 3.6720403847e-01 1.0669143705e+01 9.7002152528e+00 1.3275551120e+01 2.6857497222e+00 1.0998873146e+00 23239 23251
1 0.5 2.88 5.6848503321e-01 3.7899002214e-01 1.0721099878e+01 9.7002152528e+00 1.2722774960e+01 2.6857497222e+00 1.1052435022e+00 23239 23251
1 0.5 2.88 5.8673144288e-01 3.9115429525e-01 1.0775692108e+01 9.7002152528e+00 1.2195712741e+01 2.6857497222e+00 1.1108714422e+00 23239 23251
1 0.5 2.88 6.0556349939e-01 4.0370899960e-01 1.0833046392e+01 9.7002152528e+00 1.1693166252e+01 2.6857497222e+00 1.1167841238e+00 23239 23251
1 0.5 2.88 6.2500000000e-01 4.1666666667e-01 1.0893294400e+01 9.7002152528e+00 1.1213992760e+01 2.6857497222e+00 1.1229951208e+00 23239 23251
1 0.5 2.88 8.5531928615e-01 5.7021285743e-01 1.1681408775e+01 9.7002152528e+00 7.5114517342e+00 2.6857497222e+00 1.2042422225e+00 23239 23251
1 0.5 2.88 1.1705137300e+00 7.8034248667e-01 1.2948094793e+01 9.7002152528e+00 5.2007042611e+00 2.6857497222e+00 1.3348255122e+00 23239 23251
1 0.5 2.88 1.6018607488e+00 1.0679071658e+00 1.4964681635e+01 9.7002152528e+00 3.7544938626e+00 2.6857497222e+00 1.5427164496e+00 23239 23251
1 0.5 2.88 2.1921638274e+00 1.4614425516e+00 1.8155868378e+01 9.7002152528e+00 2.8453033241e+00 2.6857497222e+00 1.8716974732e+00 23239 23251
1 0.5 2.88 3.0000000000e+00 2.0000000000e+00 2.3192677335e+01 9.7002152528e+00 2.2703356063e+00 2.6857497222e+00 2.3909446059e+00 23239 23251
1 0.5 2.88 4.3843276549e+00 2.9228851032e+00 3.3321918286e+01 9.7002152528e+00 1.8462756722e+00 2.6857497222e+00 3.4351730779e+00 23239 23251
1 0.5 2.88 6.4074429951e+00 4.2716286634e+00 5.0971661494e+01 9.7002152528e+00 1.5985370998e+00 2.6857497222e+00 5.2546938563e+00 23239 23251
1 0.5 2.88 9.3641098401e+00 6.2427398934e+00 8.1852278469e+01 9.7002152528e+00 1.4529547217e+00 2.6857497222e+00 8.4381919716e+00 23239 23251
1 0.5 2.88 1.3685108578e+01 9.1234057189e+00 1.3608670039e+02 9.7002152528e+00 1.3673017492e+00 2.6857497222e+00 1.4029245418e+01 23239 23251
1 0.5 2.88 2.0000000000e+01 1.3333333333e+01 2.3160558677e+02 9.7002152528e+00 1.3171192411e+00 2.6857497222e+00 2.3876334776e+01 23239 23251
1 0.5 2.88 3.9487009717e+01 2.6324673144e+01 6.2148616408e+02 9.7002152528e+00 1.2740050547e+00 2.6857497222e+00 6.4069316803e+01 23239 23251
1 0.5 2.88 7.7961196818e+01 5.1974131212e+01 1.7027752717e+03 9.7002152528e+00 1.2582317639e+00 2.6857497222e+00 1.7553994703e+02 23239 23251
1 0.5 2.88 1.5392272681e+02 1.0261515121e+02 4.7003584655e+03 9.7002152528e+00 1.2519815063e+00 2.6857497222e+00 4.8456228476e+02 23239 23251
1 0.5 2.88 3.0389741047e+02 2.0259827364e+02 1.2993556634e+04 9.7002152528e+00 1.2475518398e+00 2.6857497222e+00 1.3395121960e+03 23239 23251
1 0.5 2.88 6.0000000000e+02 4.0000000000e+02 3.5845233668e+04 9.7002152528e+00 1.2405823461e+00 2.6857497222e+00 3.6953029117e+03 23239 23251
1 0.5 2.95 5.0100000000e-01 3.3400000000e-01 1.2615345742e+01 1.1732365661e+01 1.7951641908e+01 3.2226289884e+00 1.0752601910e+00 27796 27807
1 0.5 2.95 5.1708037277e-01 3.4472024851e-01 1.2662970235e+01 1.1732365661e+01 1.7185418559e+01 3.2226289884e+00 1.0793194315e+00 27796 27807
1 0.5 2.95 5.3367687006e-01 3.5578458004e-01 1.2713023629e+01 1.1732365661e+01 1.6454810727e+01 3.2226289884e+00 1.0835856975e+00 27796 27807
1 0.5 2.95 5.5080605770e-01 3.6720403847e-01 1.2765615506e+01 1.1732365661e+01 1.5758152734e+01 3.2226289884e+00 1.0880683295e+00 27796 27807
1 0.5 2.95 5.6848503321e-01 3.7899002214e-01 1.2820869315e+01 1.1732365661e+01 1.5093867327e+01 3.2226289884e+00 1.0927778493e+00 27796 27807
1 0.5 2.95 5.8673144288e-01 3.9115429525e-01 1.2878917423e+01 1.1732365661e+01 1.4460453808e+01 3.2226289884e+00 1.0977255393e+00 27796 27807
1 0.5 2.95 6.0556349939e-01 4.0370899960e-01 1.2939891575e+01 1.1732365661e+01 1.3856473329e+01 3.2226289884e+00 1.1029226286e+00 27796 27807
1 0.5 2.95 6.2500000000e-01 4.1666666667e-01 1.3003923134e+01 1.1732365661e+01 1.3280547379e+01 3.2226289884e+00 1.1083803139e+00 27796 27807
1 0.5 2.95 8.5531928615e-01 5.7021285743e-01 1.3840155183e+01 1.1732365661e+01 8.8289726258e+00 3.2226289884e+00 1.1796559690e+00 27796 27807
1 0.5 2.95 1.1705137300e+00 7.8034248667e-01 1.5179834368e+01 1.1732365661e+01 6.0487254471e+00 3.2226289884e+00 1.2938425894e+00 27796 27807
1 0.5 2.95 1.6018607488e+00 1.0679071658e+00 1.7304115853e+01 1.1732365661e+01 4.3069901869e+00 3.2226289884e+00 1.4749042394e+00 27796 27807
1 0.5 2.95 2.1921638274e+00 1.4614425516e+00 2.0650024755e+01 1.1732365661e+01 3.2104999950e+00 3.2226289884e+00 1.7600904499e+00 27796 27807
1 0.5 2.95 3.0000000000e+00 2.0000000000e+00 2.5904104469e+01 1.1732365661e+01 2.5156389400e+00 3.2226289884e+00 2.2079182678e+00 27796 27807
1 0.5 2.95 4.3843276549e+00 2.9228851032e+00 3.6408939405e+01 1.1732365661e+01 2.0013135304e+00 3.2226289884e+00 3.1032905430e+00 27796 27807
1 0.5 2.95 6.4074429951e+00 4.2716286634e+00 5.4606496161e+01 1.1732365661e+01 1.6989429358e+00 3.2226289884e+00 4.6543465945e+00 27796 27807
1 0.5 2.95 9.3641098401e+00 6.2427398934e+00 8.6287933673e+01 1.1732365661e+01 1.5195392694e+00 3.2226289884e+00 7.3546918126e+00 27796 27807
1 0.5 2.95 1.3685108578e+01 9.1234057189e+00 1.4171327229e+02 1.1732365661e+01 1.4125367739e+00 3.2226289884e+00 1.2078831872e+01 27796 27807
1 0.5 2.95 2.0000000000e+01 1.3333333333e+01 2.3905370779e+02 1.1732365661e+01 1.3486898791e+00 3.2226289884e+00 2.0375575966e+01 27796 27807
1 0.5 2.95 3.9487009717e+01 2.6324673144e+01 6.3535317103e+02 1.1732365661e+01 1.2920979568e+00 3.2226289884e+00 5.4153884166e+01 27796 27807
1 0.5 2.95 7.7961196818e+01 5.1974131212e+01 1.7328978339e+03 1.1732365661e+01 1.2703307777e+00 3.2226289884e+00 1.4770233761e+02 27796 27807
1 0.5 2.95 1.5392272681e+02 1.0261515121e+02 4.7745068996e+03 1.1732365661e+01 1.2616416286e+00 3.2226289884e+00 4.0695176381e+02 27796 27807
1 0.5 2.95 3.0389741047e+02 2.0259827364e+02 1.3190116345e+04 1.1732365661e+01 1.2563762988e+00 3.2226289884e+00 1.1242503622e+03 27796 27807
1 0.5 2.95 6.0000000000e+02 4.0000000000e+02 3.6367229680e+04 1.1732365661e+01 1.2486621622e+00 3.2226289884e+00 3.0997354438e+03 27796 27807
