# H_star t_star theta0 t_p x_tp_over_tosc Ea3_PT Ea3_noPT f_anh_PT f_anh_noPT xi_DM nsteps_PT nsteps_noPT
1.5 0.33333333 0.2618 3.3400000000e-01 2.2266666667e-01 2.9459381215e-02 2.5490996574e-02 4.4789536429e+00 4.0721388071e-01 1.1556778931e+00 3263 3275
1.5 0.33333333 0.2618 3.3837324273e-01 2.2558216182e-01 2.9554043945e-02 2.5490996574e-02 4.4065179348e+00 4.0721388071e-01 1.1593914682e+00 3263 3275
1.5 0.33333333 0.2618 3.4280374670e-01 2.2853583113e-01 2.9650898722e-02 2.5490996574e-02 4.3355297324e+00 4.0721388071e-01 1.1631910363e+00 3263 3275
1.5 0.33333333 0.2618 3.4729226165e-01 2.3152817443e-01 2.9749994386e-02 2.5490996574e-02 4.2659609508e+00 4.0721388071e-01 1.1670785134e+00 3263 3275
1.5 0.33333333 0.2618 3.5183954715e-01 2.3455969810e-01 2.9851380810e-02 2.5490996574e-02 4.1977840448e+00 4.0721388071e-01 1.1710558559e+00 3263 3275
1.5 0.33333333 0.2618 3.5644637273e-01 2.3763091515e-01 2.9955108927e-02 2.5490996574e-02 4.1309719983e+00 4.0721388071e-01 1.1751250619e+00 3263 3275
1.5 0.33333333 0.2618 3.6111351796e-01 2.4074234531e-01 3.0061230744e-02 2.5490996574e-02 4.0654983141e+00 4.0721388071e-01 1.1792881717e+00 3263 3275
1.5 0.33333333 0.2618 3.6584177265e-01 2.4389451510e-01 3.0169799371e-02 2.5490996574e-02 4.0013370038e+00 4.0721388071e-01 1.1835472687e+00 3263 3275
1.5 0.33333333 0.2618 3.7063193694e-01 2.4708795796e-01 3.0280869035e-02 2.5490996574e-02 3.9384625783e+00 4.0721388071e-01 1.1879044802e+00 3263 3275
1.5 0.33333333 0.2618 3.7548482145e-01 2.5032321430e-01 3.0394495108e-02 2.5490996574e-02 3.8768500379e+00 4.0721388071e-01 1.1923619784e+00 3263 3275
1.5 0.33333333 0.2618 3.8040124739e-01 2.5360083160e-01 3.0510734127e-02 2.5490996574e-02 3.8164748626e+00 4.0721388071e-01 1.1969219814e+00 3263 3275
1.5 0.33333333 0.2618 3.8538204677e-01 2.5692136451e-01 3.0629643819e-02 2.5490996574e-02 3.7573130035e+00 4.0721388071e-01 1.2015867536e+00 3263 3275
1.5 0.33333333 0.2618 3.9042806244e-01 2.6028537496e-01 3.0751283123e-02 2.5490996574e-02 3.6993408730e+00 4.0721388071e-01 1.2063586072e+00 3263 3275
1.5 0.33333333 0.2618 3.9554014832e-01 2.6369343222e-01 3.0875712213e-02 2.5490996574e-02 3.6425353364e+00 4.0721388071e-01 1.2112399028e+00 3263 3275
1.5 0.33333333 0.2618 4.0071916952e-01 2.6714611301e-01 3.1002992527e-02 2.5490996574e-02 3.5868737030e+00 4.0721388071e-01 1.2162330506e+00 3263 3275
1.5 0.33333333 0.2618 4.0596600244e-01 2.7064400163e-01 3.1133186784e-02 2.5490996574e-02 3.5323337173e+00 4.0721388071e-01 1.2213405111e+00 3263 3275
1.5 0.33333333 0.2618 4.1128153498e-01 2.7418768999e-01 3.1266359020e-02 2.5490996574e-02 3.4788935510e+00 4.0721388071e-01 1.2265647963e+00 3263 3275
1.5 0.33333333 0.2618 4.1666666667e-01 2.7777777778e-01 3.1402574602e-02 2.5490996574e-02 3.4265317945e+00 4.0721388071e-01 1.2319084705e+00 3263 3275
1.5 0.33333333 0.2618 4.6259916101e-01 3.0839944067e-01 3.2616532647e-02 2.5490996574e-02 3.0423079827e+00 4.0721388071e-01 1.2795314829e+00 3262 3275
1.5 0.33333333 0.2618 5.1359516104e-01 3.4239677403e-01 3.4070158899e-02 2.5490996574e-02 2.7165357296e+00 4.0721388071e-01 1.3365565681e+00 3262 3275
1.5 0.33333333 0.2618 5.7021285743e-01 3.8014190495e-01 3.5808384373e-02 2.5490996574e-02 2.4406295510e+00 4.0721388071e-01 1.4047463491e+00 3262 3275
1.5 0.33333333 0.2618 6.3307197467e-01 4.2204798311e-01 3.7884131465e-02 2.5490996574e-02 2.2072440257e+00 4.0721388071e-01 1.4861769470e+00 3262 3275
1.5 0.33333333 0.2618 7.0286055442e-01 4.6857370295e-01 4.0359537316e-02 2.5490996574e-02 2.0100879961e+00 4.0721388071e-01 1.5832859731e+00 3261 3275
1.5 0.33333333 0.2618 7.8034248667e-01 5.2022832445e-01 4.3307699361e-02 2.5490996574e-02 1.8437833158e+00 4.0721388071e-01 1.6989410059e+00 3261 3275
1.5 0.33333333 0.2618 8.6636587113e-01 5.7757724742e-01 4.6814150418e-02 2.5490996574e-02 1.7037183067e+00 4.0721388071e-01 1.8364974583e+00 3261 3275
1.5 0.33333333 0.2618 9.6187230027e-01 6.4124820018e-01 5.0979121321e-02 2.5490996574e-02 1.5859477156e+00 4.0721388071e-01 1.9998873395e+00 3261 3275
1.5 0.33333333 0.2618 1.0679071658e+00 7.1193811056e-01 5.5919862818e-02 2.5490996574e-02 1.4870942474e+00 4.0721388071e-01 2.1937103422e+00 3260 3275
1.5 0.33333333 0.2618 1.1856311015e+00 7.9042073433e-01 6.1773683540e-02 2.5490996574e-02 1.4042737299e+00 4.0721388071e-01 2.4233530204e+00 3260 3275
1.5 0.33333333 0.2618 1.3163326868e+00 8.7755512451e-01 6.8700892257e-02 2.5490996574e-02 1.3350161710e+00 4.0721388071e-01 2.6951042129e+00 3260 3275
1.5 0.33333333 0.2618 1.4614425516e+00 9.7429503441e-01 7.6888858634e-02 2.5490996574e-02 1.2772133202e+00 4.0721388071e-01 3.0163143450e+00 3260 3275
1.5 0.33333333 0.2618 1.6225490358e+00 1.0816993572e+00 8.6556463141e-02 2.5490996574e-02 1.2290665619e+00 4.0721388071e-01 3.3955699962e+00 3260 3275
1.5 0.33333333 0.2618 1.8014155744e+00 1.2009437162e+00 9.7959347639e-02 2.5490996574e-02 1.1890432775e+00 4.0721388071e-01 3.8428998785e+00 3260 3275
1.5 0.33333333 0.2618 2.0000000000e+00 1.3333333333e+00 1.1139608103e-01 2.5490996574e-02 1.1558395910e+00 4.0721388071e-01 4.3700167120e+00 3260 3275
1.5 0.33333333 0.2618 2.0529958082e+00 1.3686638721e+00 1.1511405353e-01 2.5490996574e-02 1.1484680043e+00 4.0721388071e-01 4.5158710526e+00 3260 3275
1.5 0.33333333 0.2618 2.1073958942e+00 1.4049305961e+00 1.1898675105e-01 2.5490996574e-02 1.1414372969e+00 4.0721388071e-01 4.6677951840e+00 3260 3275
1.5 0.33333333 0.2618 2.1632374685e+00 1.4421583123e+00 1.2302040482e-01 2.5490996574e-02 1.1347325278e+00 4.0721388071e-01 4.8260335551e+00 3260 3275
1.5 0.33333333 0.2618 2.2205587275e+00 1.4803724850e+00 1.2722149307e-01 2.5490996574e-02 1.1283393659e+00 4.0721388071e-01 4.9908403033e+00 3260 3275
1.5 0.33333333 0.2618 2.2793988797e+00 1.5195992531e+00 1.3159675084e-01 2.5490996574e-02 1.1222440673e+00 4.0721388071e-01 5.1624796407e+00 3260 3275
1.5 0.33333333 0.2618 2.3397981726e+00 1.5598654484e+00 1.3615318020e-01 2.5490996574e-02 1.1164334523e+00 4.0721388071e-01 5.3412262563e+00 3260 3275
1.5 0.33333333 0.2618 2.4017979202e+00 1.6011986135e+00 1.4089806096e-01 2.5490996574e-02 1.1108948850e+00 4.0721388071e-01 5.5273657328e+00 3260 3275
1.5 0.33333333 0.2618 2.4654405311e+00 1.6436270207e+00 1.4583896167e-01 2.5490996574e-02 1.1056162518e+00 4.0721388071e-01 5.7211949814e+00 3260 3275
1.5 0.33333333 0.2618 2.5307695379e+00 1.6871796919e+00 1.5098375119e-01 2.5490996574e-02 1.1005859417e+00 4.0721388071e-01 5.9230226935e+00 3260 3275
1.5 0.33333333 0.2618 2.5978296264e+00 1.7318864176e+00 1.5634061062e-01 2.5490996574e-02 1.0957928270e+00 4.0721388071e-01 6.1331698102e+00 3260 3275
1.5 0.33333333 0.2618 2.6666666667e+00 1.7777777778e+00 1.6191804576e-01 2.5490996574e-02 1.0912262447e+00 4.0721388071e-01 6.3519700099e+00 3260 3275
1.5 0.33333333 0.2618 3.0885169153e+00 2.0590112769e+00 1.9777191625e-01 2.5490996574e-02 1.0693313331e+00 4.0721388071e-01 7.7585007584e+00 3260 3275
1.5 0.33333333 0.2618 3.5771012761e+00 2.3847341840e+00 2.4268007424e-01 2.5490996574e-02 1.0527128208e+00 4.0721388071e-01 9.5202270157e+00 3260 3275
1.5 0.33333333 0.2618 4.1429766746e+00 2.7619844497e+00 2.9887232466e-01 2.5490996574e-02 1.0401347755e+00 4.0721388071e-01 1.1724622997e+01 3260 3275
1.5 0.33333333 0.2618 4.7983700772e+00 3.1989133848e+00 3.6912509713e-01 2.5490996574e-02 1.0306367194e+00 4.0721388071e-01 1.4480606753e+01 3260 3275
1.5 0.33333333 0.2618 5.5574426811e+00 3.7049617874e+00 4.5689874610e-01 2.5490996574e-02 1.0234818026e+00 4.0721388071e-01 1.7923926386e+01 3260 3275
1.5 0.33333333 0.2618 6.4365958974e+00 4.2910639316e+00 5.6650818510e-01 2.5490996574e-02 1.0181094541e+00 4.0721388071e-01 2.2223853957e+01 3260 3275
1.5 0.33333333 0.2618 7.4548257398e+00 4.9698838265e+00 7.0332652312e-01 2.5490996574e-02 1.0140827580e+00 4.0721388071e-01 2.7591174048e+01 3260 3275
1.5 0.33333333 0.2618 8.6341332743e+00 5.7560888495e+00 8.7404486941e-01 2.5490996574e-02 1.0110630828e+00 4.0721388071e-01 3.4288375775e+01 3260 3275
1.5 0.33333333 0.2618 1.0000000000e+01 6.6666666667e+00 1.0870113931e+00 2.5490996574e-02 1.0088038787e+00 4.0721388071e-01 4.2642953954e+01 3260 3275
1.5 0.33333333 0.7854 3.3400000000e-01 2.2266666667e-01 2.7524241291e-01 2.4019972397e-01 4.8683793738e+00 4.4640019222e-01 1.1458897969e+00 3940 3952
1.5 0.33333333 0.7854 3.3837324273e-01 2.2558216182e-01 2.7607485775e-01 2.4019972397e-01 4.7887437099e+00 4.4640019222e-01 1.1493554330e+00 3940 3952
1.5 0.33333333 0.7854 3.4280374670e-01 2.2853583113e-01 2.7692648880e-01 2.4019972397e-01 4.7106942480e+00 4.4640019222e-01 1.1529009452e+00 3940 3952
1.5 0.33333333 0.7854 3.4729226165e-01 2.3152817443e-01 2.7779773152e-01 2.4019972397e-01 4.6342002126e+00 4.4640019222e-01 1.1565281047e+00 3940 3952
1.5 0.33333333 0.7854 3.5183954715e-01 2.3455969810e-01 2.7868902037e-01 2.4019972397e-01 4.5592314202e+00 4.4640019222e-01 1.1602387204e+00 3940 3952
1.5 0.33333333 0.7854 3.5644637273e-01 2.3763091515e-01 2.7960079917e-01 2.4019972397e-01 4.4857582706e+00 4.4640019222e-01 1.1640346398e+00 3939 3952
1.5 0.33333333 0.7854 3.6111351796e-01 2.4074234531e-01 2.8053352071e-01 2.4019972397e-01 4.4137517266e+00 4.4640019222e-01 1.1679177481e+00 3939 3952
1.5 0.33333333 0.7854 3.6584177265e-01 2.4389451510e-01 2.8148764749e-01 2.4019972397e-01 4.3431833119e+00 4.4640019222e-01 1.1718899707e+00 3939 3952
1.5 0.33333333 0.7854 3.7063193694e-01 2.4708795796e-01 2.8246365175e-01 2.4019972397e-01 4.2740250978e+00 4.4640019222e-01 1.1759532737e+00 3939 3952
1.5 0.33333333 0.7854 3.7548482145e-01 2.5032321430e-01 2.8346201567e-01 2.4019972397e-01 4.2062496924e+00 4.4640019222e-01 1.1801096645e+00 3939 3952
1.5 0.33333333 0.7854 3.8040124739e-01 2.5360083160e-01 2.8448323155e-01 2.4019972397e-01 4.1398302304e+00 4.4640019222e-01 1.1843611926e+00 3939 3952
1.5 0.33333333 0.7854 3.8538204677e-01 2.5692136451e-01 2.8552780200e-01 2.4019972397e-01 4.0747403627e+00 4.4640019222e-01 1.1887099506e+00 3939 3952
1.5 0.33333333 0.7854 3.9042806244e-01 2.6028537496e-01 2.8659623867e-01 2.4019972397e-01 4.0109542251e+00 4.4640019222e-01 1.1931580683e+00 3939 3952
1.5 0.33333333 0.7854 3.9554014832e-01 2.6369343222e-01 2.8768906522e-01 2.4019972397e-01 3.9484464698e+00 4.4640019222e-01 1.1977077262e+00 3939 3952
1.5 0.33333333 0.7854 4.0071916952e-01 2.6714611301e-01 2.8880681805e-01 2.4019972397e-01 3.8871922600e+00 4.4640019222e-01 1.2023611571e+00 3939 3952
1.5 0.33333333 0.7854 4.0596600244e-01 2.7064400163e-01 2.8995004316e-01 2.4019972397e-01 3.8271672137e+00 4.4640019222e-01 1.2071206343e+00 3939 3952
1.5 0.33333333 0.7854 4.1128153498e-01 2.7418768999e-01 2.9111929793e-01 2.4019972397e-01 3.7683474176e+00 4.4640019222e-01 1.2119884782e+00 3939 3952
1.5 0.33333333 0.7854 4.1666666667e-01 2.7777777778e-01 2.9231515133e-01 2.4019972397e-01 3.7107094177e+00 4.4640019222e-01 1.2169670577e+00 3939 3952
1.5 0.33333333 0.7854 4.6259916101e-01 3.0839944067e-01 3.0296810870e-01 2.4019972397e-01 3.2875957638e+00 4.4640019222e-01 1.2613174724e+00 3939 3952
1.5 0.33333333 0.7854 5.1359516104e-01 3.4239677403e-01 3.1571347330e-01 2.4019972397e-01 2.9285354716e+00 4.4640019222e-01 1.3143790013e+00 3938 3952
1.5 0.33333333 0.7854 5.7021285743e-01 3.8014190495e-01 3.3094309557e-01 2.4019972397e-01 2.6241374168e+00 4.4640019222e-01 1.3777829970e+00 3938 3952
1.5 0.33333333 0.7854 6.3307197467e-01 4.2204798311e-01 3.4911715812e-01 2.4019972397e-01 2.3663572934e+00 4.4640019222e-01 1.4534452927e+00 3938 3952
1.5 0.33333333 0.7854 7.0286055442e-01 4.6857370295e-01 3.7077674563e-01 2.4019972397e-01 2.1483126695e+00 4.4640019222e-01 1.5436185334e+00 3938 3952
1.5 0.33333333 0.7854 7.8034248667e-01 5.2022832445e-01 3.9655679335e-01 2.4019972397e-01 1.9641121029e+00 4.4640019222e-01 1.6509460827e+00 3937 3952
1.5 0.33333333 0.7854 8.6636587113e-01 5.7757724742e-01 4.2720288042e-01 2.4019972397e-01 1.8087182732e+00 4.4640019222e-01 1.7785319373e+00 3937 3952
1.5 0.33333333 0.7854 9.6187230027e-01 6.4124820018e-01 4.6358769354e-01 2.4019972397e-01 1.6778167618e+00 4.4640019222e-01 1.9300092684e+00 3937 3952
1.5 0.33333333 0.7854 1.0679071658e+00 7.1193811056e-01 5.0673332750e-01 2.4019972397e-01 1.5677181088e+00 4.4640019222e-01 2.1096332632e+00 3937 3952
1.5 0.33333333 0.7854 1.1856311015e+00 7.9042073433e-01 5.5783584565e-01 2.4019972397e-01 1.4752675869e+00 4.4640019222e-01 2.3223833751e+00 3937 3952
1.5 0.33333333 0.7854 1.3163326868e+00 8.7755512451e-01 6.1829411628e-01 2.4019972397e-01 1.3977688982e+00 4.4640019222e-01 2.5740833755e+00 3937 3952
1.5 0.33333333 0.7854 1.4614425516e+00 9.7429503441e-01 6.8974352781e-01 2.4019972397e-01 1.3329190325e+00 4.4640019222e-01 2.8715417171e+00 3937 3952
1.5 0.33333333 0.7854 1.6225490358e+00 1.0816993572e+00 7.7409545794e-01 2.4019972397e-01 1.2787526029e+00 4.4640019222e-01 3.2227158514e+00 3937 3952
1.5 0.33333333 0.7854 1.8014155744e+00 1.2009437162e+00 8.7358342741e-01 2.4019972397e-01 1.2335940736e+00 4.4640019222e-01 3.6369043768e+00 3937 3952
1.5 0.33333333 0.7854 2.0000000000e+00 1.3333333333e+00 9.9081711846e-01 2.4019972397e-01 1.1960167595e+00 4.4640019222e-01 4.1249719279e+00 3937 3952
1.5 0.33333333 0.7854 2.0529958082e+00 1.3686638721e+00 1.0232567553e+00 2.4019972397e-01 1.1876576870e+00 4.4640019222e-01 4.2600246927e+00 3937 3952
1.5 0.33333333 0.7854 2.1073958942e+00 1.4049305961e+00 1.0570469084e+00 2.4019972397e-01 1.1796789323e+00 4.4640019222e-01 4.4006999298e+00 3937 3952
1.5 0.33333333 0.7854 2.1632374685e+00 1.4421583123e+00 1.0922420734e+00 2.4019972397e-01 1.1720641014e+00 4.4640019222e-01 4.5472245154e+00 3937 3952
1.5 0.33333333 0.7854 2.2205587275e+00 1.4803724850e+00 1.1288989086e+00 2.4019972397e-01 1.1647974614e+00 4.4640019222e-01 4.6998343294e+00 3937 3952
1.5 0.33333333 0.7854 2.2793988797e+00 1.5195992531e+00 1.1670763210e+00 2.4019972397e-01 1.1578639155e+00 4.4640019222e-01 4.8587746134e+00 3937 3952
1.5 0.33333333 0.7854 2.3397981726e+00 1.5598654484e+00 1.2068355554e+00 2.4019972397e-01 1.1512489791e+00 4.4640019222e-01 5.0243003424e+00 3937 3952
1.5 0.33333333 0.7854 2.4017979202e+00 1.6011986135e+00 1.2482402877e+00 2.4019972397e-01 1.1449387562e+00 4.4640019222e-01 5.1966766117e+00 3937 3952
1.5 0.33333333 0.7854 2.4654405311e+00 1.6436270207e+00 1.2913567212e+00 2.4019972397e-01 1.1389199168e+00 4.4640019222e-01 5.3761790389e+00 3937 3952
1.5 0.33333333 0.7854 2.5307695379e+00 1.6871796919e+00 1.3362536868e+00 2.4019972397e-01 1.1331796755e+00 4.4640019222e-01 5.5630941816e+00 3937 3952
1.5 0.33333333 0.7854 2.5978296264e+00 1.7318864176e+00 1.3830027480e+00 2.4019972397e-01 1.1277057702e+00 4.4640019222e-01 5.7577199723e+00 3937 3952
1.5 0.33333333 0.7854 2.6666666667e+00 1.7777777778e+00 1.4316783088e+00 2.4019972397e-01 1.1224864423e+00 4.4640019222e-01 5.9603661699e+00 3937 3952
1.5 0.33333333 0.7854 3.0885169153e+00 2.0590112769e+00 1.7446196650e+00 2.4019972397e-01 1.0973989608e+00 4.4640019222e-01 7.2632042874e+00 3937 3952
1.5 0.33333333 0.7854 3.5771012761e+00 2.3847341840e+00 2.1366686093e+00 2.4019972397e-01 1.0782738498e+00 4.4640019222e-01 8.8953832835e+00 3937 3952
1.5 0.33333333 0.7854 4.1429766746e+00 2.7619844497e+00 2.6273296197e+00 2.4019972397e-01 1.0637377878e+00 4.4640019222e-01 1.0938104242e+01 3937 3952
1.5 0.33333333 0.7854 4.7983700772e+00 3.1989133848e+00 3.2408935673e+00 2.4019972397e-01 1.0527201023e+00 4.4640019222e-01 1.3492494969e+01 3937 3952
1.5 0.33333333 0.7854 5.5574426811e+00 3.7049617874e+00 4.0076414920e+00 2.4019972397e-01 1.0443958409e+00 4.4640019222e-01 1.6684621555e+01 3937 3952
1.5 0.33333333 0.7854 6.4365958974e+00 4.2910639316e+00 4.9653099191e+00 2.4019972397e-01 1.0381276356e+00 4.4640019222e-01 2.0671588781e+01 3937 3952
1.5 0.33333333 0.7854 7.4548257398e+00 4.9698838265e+00 6.1608508981e+00 2.4019972397e-01 1.0334113135e+00 4.4640019222e-01 2.5648867519e+01 3937 3952
1.5 0.33333333 0.7854 8.6341332743e+00 5.7560888495e+00 7.6527880962e+00 2.4019972397e-01 1.0298650583e+00 4.4640019222e-01 3.1860103624e+01 3937 3952
1.5 0.33333333 0.7854 1.0000000000e+01 6.6666666667e+00 9.5141108174e+00 2.4019972397e-01 1.0272046180e+00 4.4640019222e-01 3.9609166323e+01 3937 3952
1.5 0.33333333 1.309 3.3400000000e-01 2.2266666667e-01 8.2964448001e-01 7.3573554614e-01 5.7989096726e+00 5.4032973327e-01 1.1276395226e+00 4970 4983
1.5 0.33333333 1.309 3.3837324273e-01 2.2558216182e-01 8.3185717621e-01 7.3573554614e-01 5.7020203594e+00 5.4032973327e-01 1.1306469839e+00 4970 4983
1.5 0.33333333 1.309 3.4280374670e-01 2.2853583113e-01 8.3412038507e-01 7.3573554614e-01 5.6070497739e+00 5.4032973327e-01 1.1337231013e+00 4970 4983
1.5 0.33333333 1.309 3.4729226165e-01 2.3152817443e-01 8.3643521527e-01 7.3573554614e-01 5.5139606885e+00 5.4032973327e-01 1.1368693815e+00 4970 4983
1.5 0.33333333 1.309 3.5183954715e-01 2.3455969810e-01 8.3880279872e-01 7.3573554614e-01 5.4227165924e+00 5.4032973327e-01 1.1400873631e+00 4970 4983
1.5 0.33333333 1.309 3.5644637273e-01 2.3763091515e-01 8.4122429102e-01 7.3573554614e-01 5.3332816778e+00 5.4032973327e-01 1.1433786167e+00 4970 4983
1.5 0.33333333 1.309 3.6111351796e-01 2.4074234531e-01 8.4370087193e-01 7.3573554614e-01 5.2456208261e+00 5.4032973327e-01 1.1467447459e+00 4970 4983
1.5 0.33333333 1.309 3.6584177265e-01 2.4389451510e-01 8.4623374583e-01 7.3573554614e-01 5.1596995950e+00 5.4032973327e-01 1.1501873877e+00 4970 4983
1.5 0.33333333 1.309 3.7063193694e-01 2.4708795796e-01 8.4882414227e-01 7.3573554614e-01 5.0754842049e+00 5.4032973327e-01 1.1537082131e+00 4970 4983
1.5 0.33333333 1.309 3.7548482145e-01 2.5032321430e-01 8.5147331639e-01 7.3573554614e-01 4.9929415267e+00 5.4032973327e-01 1.1573089283e+00 4970 4983
1.5 0.33333333 1.309 3.8040124739e-01 2.5360083160e-01 8.5418254949e-01 7.3573554614e-01 4.9120390688e+00 5.4032973327e-01 1.1609912746e+00 4970 4983
1.5 0.33333333 1.309 3.8538204677e-01 2.5692136451e-01 8.5695314954e-01 7.3573554614e-01 4.8327449652e+00 5.4032973327e-01 1.1647570299e+00 4970 4983
1.5 0.33333333 1.309 3.9042806244e-01 2.6028537496e-01 8.5978645165e-01 7.3573554614e-01 4.7550279631e+00 5.4032973327e-01 1.1686080089e+00 4970 4983
1.5 0.33333333 1.309 3.9554014832e-01 2.6369343222e-01 8.6268381872e-01 7.3573554614e-01 4.6788574111e+00 5.4032973327e-01 1.1725460639e+00 4970 4983
1.5 0.33333333 1.309 4.0071916952e-01 2.6714611301e-01 8.6564664186e-01 7.3573554614e-01 4.6042032478e+00 5.4032973327e-01 1.1765730858e+00 4970 4983
1.5 0.33333333 1.309 4.0596600244e-01 2.7064400163e-01 8.6867633966e-01 7.3573554614e-01 4.5310359831e+00 5.4032973327e-01 1.1806910027e+00 4970 4983
1.5 0.33333333 1.309 4.1128153498e-01 2.7418768999e-01 8.7177436169e-01 7.3573554614e-01 4.4593267029e+00 5.4032973327e-01 1.1849017847e+00 4970 4983
1.5 0.33333333 1.309 4.1666666667e-01 2.7777777778e-01 8.7494218826e-01 7.3573554614e-01 4.3890470532e+00 5.4032973327e-01 1.1892074440e+00 4970 4983
1.5 0.33333333 1.309 4.6259916101e-01 3.0839944067e-01 9.0313449370e-01 7.3573554614e-01 3.8727475224e+00 5.4032973327e-01 1.2275259751e+00 4969 4983
1.5 0.33333333 1.309 5.1359516104e-01 3.4239677403e-01 9.3680902628e-01 7.3573554614e-01 3.4339478693e+00 5.4032973327e-01 1.2732958618e+00 4969 4983
1.5 0.33333333 1.309 5.7021285743e-01 3.8014190495e-01 9.7698160884e-01 7.3573554614e-01 3.0612929828e+00 5.4032973327e-01 1.3278977942e+00 4969 4983
1.5 0.33333333 1.309 6.3307197467e-01 4.2204798311e-01 1.0248469204e+00 7.3573554614e-01 2.7450697515e+00 5.4032973327e-01 1.3929555610e+00 4969 4983
1.5 0.33333333 1.309 7.0286055442e-01 4.6857370295e-01 1.0818082093e+00 7.3573554614e-01 2.4769687807e+00 5.4032973327e-01 1.4703764349e+00 4968 4983
1.5 0.33333333 1.309 7.8034248667e-01 5.2022832445e-01 1.1495138257e+00 7.3573554614e-01 2.2498850785e+00 5.4032973327e-01 1.5624008270e+00 4968 4983
1.5 0.33333333 1.309 8.6636587113e-01 5.7757724742e-01 1.2298963175e+00 7.3573554614e-01 2.0577400661e+00 5.4032973327e-01 1.6716554256e+00 4968 4983
1.5 0.33333333 1.309 9.6187230027e-01 6.4124820018e-01 1.3252215808e+00 7.3573554614e-01 1.8953367716e+00 5.4032973327e-01 1.8012200005e+00 4968 4983
1.5 0.33333333 1.309 1.0679071658e+00 7.1193811056e-01 1.4381444269e+00 7.3573554614e-01 1.7582323554e+00 5.4032973327e-01 1.9547029289e+00 4968 4983
1.5 0.33333333 1.309 1.1856311015e+00 7.9042073433e-01 1.5717738682e+00 7.3573554614e-01 1.6426298306e+00 5.4032973327e-01 2.1363299306e+00 4968 4983
1.5 0.33333333 1.309 1.3163326868e+00 8.7755512451e-01 1.7297493895e+00 7.3573554614e-01 1.5452854082e+00 5.4032973327e-01 2.3510477353e+00 4968 4983
1.5 0.33333333 1.309 1.4614425516e+00 9.7429503441e-01 1.9163300559e+00 7.3573554614e-01 1.4634291621e+00 5.4032973327e-01 2.6046451961e+00 4968 4983
1.5 0.33333333 1.309 1.6225490358e+00 1.0816993572e+00 2.1364986415e+00 7.3573554614e-01 1.3946970785e+00 5.4032973327e-01 2.9038948202e+00 4968 4983
1.5 0.33333333 1.309 1.8014155744e+00 1.2009437162e+00 2.3960833152e+00 7.3573554614e-01 1.3370728228e+00 5.4032973327e-01 3.2567181616e+00 4968 4983
1.5 0.33333333 1.309 2.0000000000e+00 1.3333333333e+00 2.7018998270e+00 7.3573554614e-01 1.2888378039e+00 5.4032973327e-01 3.6723790786e+00 4968 4983
1.5 0.33333333 1.309 2.0529958082e+00 1.3686638721e+00 2.7865143666e+00 7.3573554614e-01 1.2780657857e+00 5.4032973327e-01 3.7873858089e+00 4968 4983
1.5 0.33333333 1.309 2.1073958942e+00 1.4049305961e+00 2.8746493901e+00 7.3573554614e-01 1.2677677647e+00 5.4032973327e-01 3.9071775249e+00 4968 4983
1.5 0.33333333 1.309 2.1632374685e+00 1.4421583123e+00 2.9664474118e+00 7.3573554614e-01 1.2579239187e+00 5.4032973327e-01 4.0319479293e+00 4968 4983
1.5 0.33333333 1.309 2.2205587275e+00 1.4803724850e+00 3.0620566215e+00 7.3573554614e-01 1.2485152116e+00 5.4032973327e-01 4.1618984398e+00 4968 4983
1.5 0.33333333 1.309 2.2793988797e+00 1.5195992531e+00 3.1616311101e+00 7.3573554614e-01 1.2395233627e+00 5.4032973327e-01 4.2972384937e+00 4968 4983
1.5 0.33333333 1.309 2.3397981726e+00 1.5598654484e+00 3.2653311023e+00 7.3573554614e-01 1.2309308182e+00 5.4032973327e-01 4.4381858664e+00 4968 4983
1.5 0.33333333 1.309 2.4017979202e+00 1.6011986135e+00 3.3733232000e+00 7.3573554614e-01 1.2227207229e+00 5.4032973327e-01 4.5849670003e+00 4968 4983
1.5 0.33333333 1.309 2.4654405311e+00 1.6436270207e+00 3.4857806345e+00 7.3573554614e-01 1.2148768933e+00 5.4032973327e-01 4.7378173487e+00 4968 4983
1.5 0.33333333 1.309 2.5307695379e+00 1.6871796919e+00 3.6028835290e+00 7.3573554614e-01 1.2073837919e+00 5.4032973327e-01 4.8969817320e+00 4968 4983
1.5 0.33333333 1.309 2.5978296264e+00 1.7318864176e+00 3.7248191713e+00 7.3573554614e-01 1.2002265021e+00 5.4032973327e-01 5.0627147089e+00 4968 4983
1.5 0.33333333 1.309 2.6666666667e+00 1.7777777778e+00 3.8517822979e+00 7.3573554614e-01 1.1933907044e+00 5.4032973327e-01 5.2352809622e+00 4968 4983
1.5 0.33333333 1.309 3.0885169153e+00 2.0590112769e+00 4.6681262041e+00 7.3573554614e-01 1.1603570056e+00 5.4032973327e-01 6.3448425573e+00 4968 4983
1.5 0.33333333 1.309 3.5771012761e+00 2.3847341840e+00 5.6910684164e+00 7.3573554614e-01 1.1349349455e+00 5.4032973327e-01 7.7352092695e+00 4968 4983
1.5 0.33333333 1.309 4.1429766746e+00 2.7619844497e+00 6.9717364700e+00 7.3573554614e-01 1.1154400824e+00 5.4032973327e-01 9.4758728277e+00 4968 4983
1.5 0.33333333 1.309 4.7983700772e+00 3.1989133848e+00 8.5737395969e+00 7.3573554614e-01 1.1005345845e+00 5.4032973327e-01 1.1653289884e+01 4968 4983
1.5 0.33333333 1.309 5.5574426811e+00 3.7049617874e+00 1.0576518290e+01 7.3573554614e-01 1.0891915234e+00 5.4032973327e-01 1.4375434687e+01 4968 4983
1.5 0.33333333 1.309 6.4365958974e+00 4.2910639316e+00 1.3078605735e+01 7.3573554614e-01 1.0805655013e+00 5.4032973327e-01 1.7776231968e+01 4968 4983
1.5 0.33333333 1.309 7.4548257398e+00 4.9698838265e+00 1.6203251955e+01 7.3573554614e-01 1.0740387669e+00 5.4032973327e-01 2.2023201190e+01 4968 4983
1.5 0.33333333 1.309 8.6341332743e+00 5.7560888495e+00 2.0103502219e+01 7.3573554614e-01 1.0690982443e+00 5.4032973327e-01 2.7324359038e+01 4968 4983
1.5 0.33333333 1.309 1.0000000000e+01 6.6666666667e+00 2.4970563254e+01 7.3573554614e-01 1.0653746405e+00 5.4032973327e-01 3.3939590638e+01 4968 4983
1.5 0.33333333 1.833 3.3400000000e-01 2.2266666667e-01 1.8780268062e+00 1.7024378219e+00 7.7265226769e+00 7.3592976317e-01 1.1031397341e+00 6735 6748
1.5 0.33333333 1.833 3.3837324273e-01 2.2558216182e-01 1.8821163685e+00 1.7024378219e+00 7.5937177091e+00 7.3592976317e-01 1.1055419142e+00 6735 6748
1.5 0.33333333 1.833 3.4280374670e-01 2.2853583113e-01 1.8862987083e+00 1.7024378219e+00 7.4635272763e+00 7.3592976317e-01 1.1079985912e+00 6734 6748
1.5 0.33333333 1.833 3.4729226165e-01 2.3152817443e-01 1.8905742807e+00 1.7024378219e+00 7.3358945954e+00 7.3592976317e-01 1.1105100324e+00 6734 6748
1.5 0.33333333 1.833 3.5183954715e-01 2.3455969810e-01 1.8949458791e+00 1.7024378219e+00 7.2107730690e+00 7.3592976317e-01 1.1130778785e+00 6734 6748
1.5 0.33333333 1.833 3.5644637273e-01 2.3763091515e-01 1.8994155712e+00 1.7024378219e+00 7.0881139614e+00 7.3592976317e-01 1.1157033442e+00 6734 6748
1.5 0.33333333 1.833 3.6111351796e-01 2.4074234531e-01 1.9039854671e+00 1.7024378219e+00 6.9678694762e+00 7.3592976317e-01 1.1183876689e+00 6734 6748
1.5 0.33333333 1.833 3.6584177265e-01 2.4389451510e-01 1.9086577202e+00 1.7024378219e+00 6.8499927384e+00 7.3592976317e-01 1.1211321175e+00 6734 6748
1.5 0.33333333 1.833 3.7063193694e-01 2.4708795796e-01 1.9134345283e+00 1.7024378219e+00 6.7344377769e+00 7.3592976317e-01 1.1239379810e+00 6734 6748
1.5 0.33333333 1.833 3.7548482145e-01 2.5032321430e-01 1.9183181393e+00 1.7024378219e+00 6.6211595251e+00 7.3592976317e-01 1.1268065798e+00 6734 6748
1.5 0.33333333 1.833 3.8040124739e-01 2.5360083160e-01 1.9233108413e+00 1.7024378219e+00 6.5101137640e+00 7.3592976317e-01 1.1297392577e+00 6734 6748
1.5 0.33333333 1.833 3.8538204677e-01 2.5692136451e-01 1.9284149646e+00 1.7024378219e+00 6.4012571131e+00 7.3592976317e-01 1.1327373839e+00 6734 6748
1.5 0.33333333 1.833 3.9042806244e-01 2.6028537496e-01 1.9336328926e+00 1.7024378219e+00 6.2945470448e+00 7.3592976317e-01 1.1358023581e+00 6734 6748
1.5 0.33333333 1.833 3.9554014832e-01 2.6369343222e-01 1.9389670568e+00 1.7024378219e+00 6.1899418511e+00 7.3592976317e-01 1.1389356086e+00 6734 6748
1.5 0.33333333 1.833 4.0071916952e-01 2.6714611301e-01 1.9444199388e+00 1.7024378219e+00 6.0874006282e+00 7.3592976317e-01 1.1421385931e+00 6734 6748
1.5 0.33333333 1.833 4.0596600244e-01 2.7064400163e-01 1.9499940704e+00 1.7024378219e+00 5.9868832610e+00 7.3592976317e-01 1.1454127988e+00 6734 6748
1.5 0.33333333 1.833 4.1128153498e-01 2.7418768999e-01 1.9556920353e+00 1.7024378219e+00 5.8883504073e+00 7.3592976317e-01 1.1487597433e+00 6734 6748
1.5 0.33333333 1.833 4.1666666667e-01 2.7777777778e-01 1.9615164696e+00 1.7024378219e+00 5.7917634836e+00 7.3592976317e-01 1.1521809750e+00 6734 6748
1.5 0.33333333 1.833 4.6259916101e-01 3.0839944067e-01 2.0132722527e+00 1.7024378219e+00 5.0815621752e+00 7.3592976317e-01 1.1825819579e+00 6734 6748
1.5 0.33333333 1.833 5.1359516104e-01 3.4239677403e-01 2.0749399049e+00 1.7024378219e+00 4.4768870249e+00 7.3592976317e-01 1.2188051030e+00 6734 6748
1.5 0.33333333 1.833 5.7021285743e-01 3.8014190495e-01 2.1482975843e+00 1.7024378219e+00 3.9622413715e+00 7.3592976317e-01 1.2618948878e+00 6734 6748
1.5 0.33333333 1.833 6.3307197467e-01 4.2204798311e-01 2.2354788540e+00 1.7024378219e+00 3.5244627964e+00 7.3592976317e-01 1.3131045523e+00 6733 6748
1.5 0.33333333 1.833 7.0286055442e-01 4.6857370295e-01 2.3389664679e+00 1.7024378219e+00 3.1522614902e+00 7.3592976317e-01 1.3738924487e+00 6733 6748
1.5 0.33333333 1.833 7.8034248667e-01 5.2022832445e-01 2.4616601764e+00 1.7024378219e+00 2.8359738168e+00 7.3592976317e-01 1.4459618699e+00 6733 6748
1.5 0.33333333 1.833 8.6636587113e-01 5.7757724742e-01 2.6069857996e+00 1.7024378219e+00 2.5673711628e+00 7.3592976317e-01 1.5313251187e+00 6733 6748
1.5 0.33333333 1.833 9.6187230027e-01 6.4124820018e-01 2.7789373909e+00 1.7024378219e+00 2.3394007878e+00 7.3592976317e-01 1.6323282737e+00 6733 6748
1.5 0.33333333 1.833 1.0679071658e+00 7.1193811056e-01 2.9821888622e+00 1.7024378219e+00 2.1460354399e+00 7.3592976317e-01 1.7517167581e+00 6733 6748
1.5 0.33333333 1.833 1.1856311015e+00 7.9042073433e-01 3.2222420944e+00 1.7024378219e+00 1.9821466778e+00 7.3592976317e-01 1.8927223379e+00 6733 6748
1.5 0.33333333 1.833 1.3163326868e+00 8.7755512451e-01 3.5055167660e+00 1.7024378219e+00 1.8433404228e+00 7.3592976317e-01 2.0591158872e+00 6733 6748
1.5 0.33333333 1.833 1.4614425516e+00 9.7429503441e-01 3.8395275499e+00 1.7024378219e+00 1.7258663561e+00 7.3592976317e-01 2.2553114719e+00 6733 6748
1.5 0.33333333 1.833 1.6225490358e+00 1.0816993572e+00 4.2331044789e+00 1.7024378219e+00 1.6265380918e+00 7.3592976317e-01 2.4864957912e+00 6733 6748
1.5 0.33333333 1.833 1.8014155744e+00 1.2009437162e+00 4.6965576025e+00 1.7024378219e+00 1.5426264743e+00 7.3592976317e-01 2.7587248956e+00 6733 6748
1.5 0.33333333 1.833 2.0000000000e+00 1.3333333333e+00 5.2419537062e+00 1.7024378219e+00 1.4718046970e+00 7.3592976317e-01 3.0790867301e+00 6733 6748
1.5 0.33333333 1.833 2.0529958082e+00 1.3686638721e+00 5.3927804904e+00 1.7024378219e+00 1.4559036871e+00 7.3592976317e-01 3.1676813221e+00 6733 6748
1.5 0.33333333 1.833 2.1073958942e+00 1.4049305961e+00 5.5498126304e+00 1.7024378219e+00 1.4406587571e+00 7.3592976317e-01 3.2599208964e+00 6733 6748
1.5 0.33333333 1.833 2.1632374685e+00 1.4421583123e+00 5.7134011356e+00 1.7024378219e+00 1.4260686045e+00 7.3592976317e-01 3.3560116335e+00 6733 6748
1.5 0.33333333 1.833 2.2205587275e+00 1.4803724850e+00 5.8837034906e+00 1.7024378219e+00 1.4120802535e+00 7.3592976317e-01 3.4560460388e+00 6733 6748
1.5 0.33333333 1.833 2.2793988797e+00 1.5195992531e+00 6.0610609339e+00 1.7024378219e+00 1.3986857533e+00 7.3592976317e-01 3.5602245532e+00 6733 6748
1.5 0.33333333 1.833 2.3397981726e+00 1.5598654484e+00 6.2457204200e+00 1.7024378219e+00 1.3858522795e+00 7.3592976317e-01 3.6686922363e+00 6733 6748
1.5 0.33333333 1.833 2.4017979202e+00 1.6011986135e+00 6.4379672317e+00 1.7024378219e+00 1.3735550251e+00 7.3592976317e-01 3.7816166610e+00 6733 6748
1.5 0.33333333 1.833 2.4654405311e+00 1.6436270207e+00 6.6381904733e+00 1.7024378219e+00 1.3617892750e+00 7.3592976317e-01 3.8992263846e+00 6733 6748
1.5 0.33333333 1.833 2.5307695379e+00 1.6871796919e+00 6.8466074108e+00 1.7024378219e+00 1.3505122417e+00 7.3592976317e-01 4.0216490275e+00 6733 6748
1.5 0.33333333 1.833 2.5978296264e+00 1.7318864176e+00 7.0636589142e+00 1.7024378219e+00 1.3397251771e+00 7.3592976317e-01 4.1491435537e+00 6733 6748
1.5 0.33333333 1.833 2.6666666667e+00 1.7777777778e+00 7.2895823751e+00 1.7024378219e+00 1.3293873641e+00 7.3592976317e-01 4.2818494052e+00 6733 6748
1.5 0.33333333 1.833 3.0885169153e+00 2.0590112769e+00 8.7418652326e+00 1.7024378219e+00 1.2790311674e+00 7.3592976317e-01 5.1349101389e+00 6733 6748
1.5 0.33333333 1.833 3.5771012761e+00 2.3847341840e+00 1.0561168885e+01 1.7024378219e+00 1.2397015097e+00 7.3592976317e-01 6.2035563057e+00 6733 6748
1.5 0.33333333 1.833 4.1429766746e+00 2.7619844497e+00 1.2838645187e+01 1.7024378219e+00 1.2090728284e+00 7.3592976317e-01 7.5413298638e+00 6733 6748
1.5 0.33333333 1.833 4.7983700772e+00 3.1989133848e+00 1.5687932870e+01 1.7024378219e+00 1.1852967918e+00 7.3592976317e-01 9.2149814039e+00 6733 6748
1.5 0.33333333 1.833 5.5574426811e+00 3.7049617874e+00 1.9250729812e+01 1.7024378219e+00 1.1669082420e+00 7.3592976317e-01 1.1307743264e+01 6734 6748
1.5 0.33333333 1.833 6.4365958974e+00 4.2910639316e+00 2.3703214664e+01 1.7024378219e+00 1.1527227923e+00 7.3592976317e-01 1.3923101542e+01 6734 6748
1.5 0.33333333 1.833 7.4548257398e+00 4.9698838265e+00 2.9265222884e+01 1.7024378219e+00 1.1418198502e+00 7.3592976317e-01 1.7190186042e+01 6734 6748
1.5 0.33333333 1.833 8.6341332743e+00 5.7560888495e+00 3.6210608679e+01 1.7024378219e+00 1.1334691386e+00 7.3592976317e-01 2.1269856798e+01 6734 6748
1.5 0.33333333 1.833 1.0000000000e+01 6.6666666667e+00 4.4880354394e+01 1.7024378219e+00 1.1270891642e+00 7.3592976317e-01 2.6362404439e+01 6734 6748
1.5 0.33333333 2.356 3.3400000000e-01 2.2266666667e-01 3.9790435568e+00 3.7021026027e+00 1.2076283427e+01 1.1805540261e+00 1.0748063962e+00 10436 10449
1.5 0.33333333 2.356 3.3837324273e-01 2.2558216182e-01 3.9854255491e+00 3.7021026027e+00 1.1861919839e+01 1.1805540261e+00 1.0765302794e+00 10436 10449
1.5 0.33333333 2.356 3.4280374670e-01 2.2853583113e-01 3.9919082979e+00 3.7021026027e+00 1.1651625585e+01 1.1805540261e+00 1.0782813785e+00 10436 10449
1.5 0.33333333 2.356 3.4729226165e-01 2.3152817443e-01 3.9985673047e+00 3.7021026027e+00 1.1445533876e+01 1.1805540261e+00 1.0800800879e+00 10436 10449
1.5 0.33333333 2.356 3.5183954715e-01 2.3455969810e-01 4.0053580220e+00 3.7021026027e+00 1.1243426019e+01 1.1805540261e+00 1.0819143746e+00 10436 10449
1.5 0.33333333 2.356 3.5644637273e-01 2.3763091515e-01 4.0122934687e+00 3.7021026027e+00 1.1045253701e+01 1.1805540261e+00 1.0837877550e+00 10436 10449
1.5 0.33333333 2.356 3.6111351796e-01 2.4074234531e-01 4.0193978255e+00 3.7021026027e+00 1.0850997871e+01 1.1805540261e+00 1.0857067609e+00 10436 10449
1.5 0.33333333 2.356 3.6584177265e-01 2.4389451510e-01 4.0266418395e+00 3.7021026027e+00 1.0660494907e+01 1.1805540261e+00 1.0876634906e+00 10436 10449
1.5 0.33333333 2.356 3.7063193694e-01 2.4708795796e-01 4.0340550777e+00 3.7021026027e+00 1.0473741930e+01 1.1805540261e+00 1.0896659306e+00 10436 10449
1.5 0.33333333 2.356 3.7548482145e-01 2.5032321430e-01 4.0416238433e+00 3.7021026027e+00 1.0290621780e+01 1.1805540261e+00 1.0917103811e+00 10436 10449
1.5 0.33333333 2.356 3.8040124739e-01 2.5360083160e-01 4.0493712204e+00 3.7021026027e+00 1.0111113783e+01 1.1805540261e+00 1.0938030776e+00 10436 10449
1.5 0.33333333 2.356 3.8538204677e-01 2.5692136451e-01 4.0572626417e+00 3.7021026027e+00 9.9350534510e+00 1.1805540261e+00 1.0959346828e+00 10436 10449
1.5 0.33333333 2.356 3.9042806244e-01 2.6028537496e-01 4.0653627625e+00 3.7021026027e+00 9.7625230180e+00 1.1805540261e+00 1.0981226613e+00 10436 10449
1.5 0.33333333 2.356 3.9554014832e-01 2.6369343222e-01 4.0736037947e+00 3.7021026027e+00 9.5932824800e+00 1.1805540261e+00 1.1003487023e+00 10436 10449
1.5 0.33333333 2.356 4.0071916952e-01 2.6714611301e-01 4.0820471224e+00 3.7021026027e+00 9.4274044675e+00 1.1805540261e+00 1.1026293867e+00 10436 10449
1.5 0.33333333 2.356 4.0596600244e-01 2.7064400163e-01 4.0906723672e+00 3.7021026027e+00 9.2647670407e+00 1.1805540261e+00 1.1049592100e+00 10436 10449
1.5 0.33333333 2.356 4.1128153498e-01 2.7418768999e-01 4.0994706290e+00 3.7021026027e+00 9.1052791699e+00 1.1805540261e+00 1.1073357681e+00 10436 10449
1.5 0.33333333 2.356 4.1666666667e-01 2.7777777778e-01 4.1084809216e+00 3.7021026027e+00 8.9489574153e+00 1.1805540261e+00 1.1097695992e+00 10436 10449
1.5 0.33333333 2.356 4.6259916101e-01 3.0839944067e-01 4.1882854227e+00 3.7021026027e+00 7.7983606010e+00 1.1805540261e+00 1.1313261333e+00 10436 10449
1.5 0.33333333 2.356 5.1359516104e-01 3.4239677403e-01 4.2830129897e+00 3.7021026027e+00 6.8169845688e+00 1.1805540261e+00 1.1569136378e+00 10435 10449
1.5 0.33333333 2.356 5.7021285743e-01 3.8014190495e-01 4.3953207823e+00 3.7021026027e+00 5.9801127480e+00 1.1805540261e+00 1.1872498561e+00 10435 10449
1.5 0.33333333 2.356 6.3307197467e-01 4.2204798311e-01 4.5282514581e+00 3.7021026027e+00 5.2665378229e+00 1.1805540261e+00 1.2231566610e+00 10435 10449
1.5 0.33333333 2.356 7.0286055442e-01 4.6857370295e-01 4.6854429365e+00 3.7021026027e+00 4.6582329300e+00 1.1805540261e+00 1.2656167155e+00 10435 10449
1.5 0.33333333 2.356 7.8034248667e-01 5.2022832445e-01 4.8710786865e+00 3.7021026027e+00 4.1397257384e+00 1.1805540261e+00 1.3157600448e+00 10435 10449
1.5 0.33333333 2.356 8.6636587113e-01 5.7757724742e-01 5.0900668542e+00 3.7021026027e+00 3.6978201715e+00 1.1805540261e+00 1.3749124215e+00 10435 10449
1.5 0.33333333 2.356 9.6187230027e-01 6.4124820018e-01 5.3481842678e+00 3.7021026027e+00 3.3212727258e+00 1.1805540261e+00 1.4446342637e+00 10435 10449
1.5 0.33333333 2.356 1.0679071658e+00 7.1193811056e-01 5.6520932540e+00 3.7021026027e+00 3.0004291208e+00 1.1805540261e+00 1.5267251777e+00 10435 10449
1.5 0.33333333 2.356 1.1856311015e+00 7.9042073433e-01 6.0096598744e+00 3.7021026027e+00 2.7270922089e+00 1.1805540261e+00 1.6233099185e+00 10435 10449
1.5 0.33333333 2.356 1.3163326868e+00 8.7755512451e-01 6.4300402749e+00 3.7021026027e+00 2.4942472318e+00 1.1805540261e+00 1.7368617148e+00 10435 10449
1.5 0.33333333 2.356 1.4614425516e+00 9.7429503441e-01 6.9239221526e+00 3.7021026027e+00 2.2959047065e+00 1.1805540261e+00 1.8702674927e+00 10435 10449
1.5 0.33333333 2.356 1.6225490358e+00 1.0816993572e+00 7.5039003756e+00 3.7021026027e+00 2.1269859337e+00 1.1805540261e+00 2.0269293374e+00 10435 10449
1.5 0.33333333 2.356 1.8014155744e+00 1.2009437162e+00 8.1846110839e+00 3.7021026027e+00 1.9831313587e+00 1.1805540261e+00 2.2108007158e+00 10435 10449
1.5 0.33333333 2.356 2.0000000000e+00 1.3333333333e+00 8.9832762295e+00 3.7021026027e+00 1.8606473336e+00 1.1805540261e+00 2.4265335658e+00 10435 10449
1.5 0.33333333 2.356 2.0529958082e+00 1.3686638721e+00 9.2037557678e+00 3.7021026027e+00 1.8329781837e+00 1.1805540261e+00 2.4860887867e+00 10435 10449
1.5 0.33333333 2.356 2.1073958942e+00 1.4049305961e+00 9.4331871687e+00 3.7021026027e+00 1.8063984897e+00 1.1805540261e+00 2.5480620558e+00 10435 10449
1.5 0.33333333 2.356 2.1632374685e+00 1.4421583123e+00 9.6719356322e+00 3.7021026027e+00 1.7808666746e+00 1.1805540261e+00 2.6125520198e+00 10435 10449
1.5 0.33333333 2.356 2.2205587275e+00 1.4803724850e+00 9.9203986253e+00 3.7021026027e+00 1.7563458241e+00 1.1805540261e+00 2.6796660411e+00 10435 10449
1.5 0.33333333 2.356 2.2793988797e+00 1.5195992531e+00 1.0178949050e+01 3.7021026027e+00 1.7327932562e+00 1.1805540261e+00 2.7495048469e+00 10435 10449
1.5 0.33333333 2.356 2.3397981726e+00 1.5598654484e+00 1.0447978287e+01 3.7021026027e+00 1.7101687626e+00 1.1805540261e+00 2.8221741557e+00 10435 10449
1.5 0.33333333 2.356 2.4017979202e+00 1.6011986135e+00 1.0727936939e+01 3.7021026027e+00 1.6884407284e+00 1.1805540261e+00 2.8977956826e+00 10435 10449
1.5 0.33333333 2.356 2.4654405311e+00 1.6436270207e+00 1.1019272406e+01 3.7021026027e+00 1.6675751954e+00 1.1805540261e+00 2.9764902781e+00 10435 10449
1.5 0.33333333 2.356 2.5307695379e+00 1.6871796919e+00 1.1322414104e+01 3.7021026027e+00 1.6475342107e+00 1.1805540261e+00 3.0583739347e+00 10435 10449
1.5 0.33333333 2.356 2.5978296264e+00 1.7318864176e+00 1.1637844244e+01 3.7021026027e+00 1.6282865922e+00 1.1805540261e+00 3.1435769055e+00 10435 10449
1.5 0.33333333 2.356 2.6666666667e+00 1.7777777778e+00 1.1966082718e+01 3.7021026027e+00 1.6098047575e+00 1.1805540261e+00 3.2322396222e+00 10435 10449
1.5 0.33333333 2.356 3.0885169153e+00 2.0590112769e+00 1.4072187699e+01 3.7021026027e+00 1.5188362265e+00 1.1805540261e+00 3.8011338986e+00 10435 10449
1.5 0.33333333 2.356 3.5771012761e+00 2.3847341840e+00 1.6703951747e+01 3.7021026027e+00 1.4464275218e+00 1.1805540261e+00 4.5120175045e+00 10435 10449
1.5 0.33333333 2.356 4.1429766746e+00 2.7619844497e+00 1.9991889393e+01 3.7021026027e+00 1.3888630131e+00 1.1805540261e+00 5.4001446038e+00 10435 10449
1.5 0.33333333 2.356 4.7983700772e+00 3.1989133848e+00 2.4098927813e+01 3.7021026027e+00 1.3431713350e+00 1.1805540261e+00 6.5095245592e+00 10435 10449
1.5 0.33333333 2.356 5.5574426811e+00 3.7049617874e+00 2.9228376895e+01 3.7021026027e+00 1.3069726964e+00 1.1805540261e+00 7.8950747809e+00 10435 10449
1.5 0.33333333 2.356 6.4365958974e+00 4.2910639316e+00 3.5633858240e+01 3.7021026027e+00 1.2783588609e+00 1.1805540261e+00 9.6253027169e+00 10435 10449
1.5 0.33333333 2.356 7.4548257398e+00 4.9698838265e+00 4.3631675381e+01 3.7021026027e+00 1.2557984702e+00 1.1805540261e+00 1.1785647256e+01 10435 10449
1.5 0.33333333 2.356 8.6341332743e+00 5.7560888495e+00 5.3616211736e+01 3.7021026027e+00 1.2380617544e+00 1.1805540261e+00 1.4482637974e+01 10435 10449
1.5 0.33333333 2.356 1.0000000000e+01 6.6666666667e+00 6.6079095449e+01 3.7021026027e+00 1.2241605891e+00 1.1805540261e+00 1.7849071876e+01 10435 10449
1.5 0.33333333 2.88 3.3400000000e-01 2.2266666667e-01 1.0116209393e+01 9.7000787914e+00 2.6657484563e+01 2.6857119394e+00 1.0428997136e+00 23239 23250
1.5 0.33333333 2.88 3.3837324273e-01 2.2558216182e-01 1.0125645420e+01 9.7000787914e+00 2.6166747981e+01 2.6857119394e+00 1.0438724920e+00 23239 23250
1.5 0.33333333 2.88 3.4280374670e-01 2.2853583113e-01 1.0135278059e+01 9.7000787914e+00 2.5685521312e+01 2.6857119394e+00 1.0448655395e+00 23239 23250
1.5 0.33333333 2.88 3.4729226165e-01 2.3152817443e-01 1.0145111495e+01 9.7000787914e+00 2.5213621036e+01 2.6857119394e+00 1.0458792875e+00 23239 23250
1.5 0.33333333 2.88 3.5183954715e-01 2.3455969810e-01 1.0155165622e+01 9.7000787914e+00 2.4750905252e+01 2.6857119394e+00 1.0469157870e+00 23239 23250
1.5 0.33333333 2.88 3.5644637273e-01 2.3763091515e-01 1.0165446778e+01 9.7000787914e+00 2.4297199969e+01 2.6857119394e+00 1.0479756914e+00 23239 23250
1.5 0.33333333 2.88 3.6111351796e-01 2.4074234531e-01 1.0175943741e+01 9.7000787914e+00 2.3852292942e+01 2.6857119394e+00 1.0490578437e+00 23239 23250
1.5 0.33333333 2.88 3.6584177265e-01 2.4389451510e-01 1.0186656429e+01 9.7000787914e+00 2.3416003596e+01 2.6857119394e+00 1.0501622356e+00 23239 23250
1.5 0.33333333 2.88 3.7063193694e-01 2.4708795796e-01 1.0197603472e+01 9.7000787914e+00 2.2988197425e+01 2.6857119394e+00 1.0512907876e+00 23239 23250
1.5 0.33333333 2.88 3.7548482145e-01 2.5032321430e-01 1.0208794820e+01 9.7000787914e+00 2.2568721275e+01 2.6857119394e+00 1.0524445254e+00 23239 23250
1.5 0.33333333 2.88 3.8040124739e-01 2.5360083160e-01 1.0220221192e+01 9.7000787914e+00 2.2157382403e+01 2.6857119394e+00 1.0536224923e+00 23239 23250
1.5 0.33333333 2.88 3.8538204677e-01 2.5692136451e-01 1.0231880355e+01 9.7000787914e+00 2.1754008366e+01 2.6857119394e+00 1.0548244582e+00 23239 23250
1.5 0.33333333 2.88 3.9042806244e-01 2.6028537496e-01 1.0243790667e+01 9.7000787914e+00 2.1358473648e+01 2.6857119394e+00 1.0560523154e+00 23239 23250
1.5 0.33333333 2.88 3.9554014832e-01 2.6369343222e-01 1.0255966429e+01 9.7000787914e+00 2.0970645029e+01 2.6857119394e+00 1.0573075384e+00 23239 23250
1.5 0.33333333 2.88 4.0071916952e-01 2.6714611301e-01 1.0268401381e+01 9.7000787914e+00 2.0590349340e+01 2.6857119394e+00 1.0585894818e+00 23239 23250
1.5 0.33333333 2.88 4.0596600244e-01 2.7064400163e-01 1.0281091046e+01 9.7000787914e+00 2.0217421423e+01 2.6857119394e+00 1.0598976841e+00 23239 23250
1.5 0.33333333 2.88 4.1128153498e-01 2.7418768999e-01 1.0294051505e+01 9.7000787914e+00 1.9851739870e+01 2.6857119394e+00 1.0612338029e+00 23239 23250
1.5 0.33333333 2.88 4.1666666667e-01 2.7777777778e-01 1.0307299178e+01 9.7000787914e+00 1.9493184846e+01 2.6857119394e+00 1.0625995314e+00 23239 23250
1.5 0.33333333 2.88 4.6259916101e-01 3.0839944067e-01 1.0424434429e+01 9.7000787914e+00 1.6852576112e+01 2.6857119394e+00 1.0746752324e+00 23239 23250
1.5 0.33333333 2.88 5.1359516104e-01 3.4239677403e-01 1.0562876701e+01 9.7000787914e+00 1.4597278096e+01 2.6857119394e+00 1.0889475156e+00 23239 23250
1.5 0.33333333 2.88 5.7021285743e-01 3.8014190495e-01 1.0726213436e+01 9.7000787914e+00 1.2671031844e+01 2.6857119394e+00 1.1057862174e+00 23239 23250
